Date,Round,isHome,Rival,Goal,Conceded,Points,CumPoints,bCumPoints,b5MatchPoints,b5MatchPointRatio,bCumGoal,b5MatchGoal,bCumConceded,b5MatchConceded,b5HomeMatchPoints,b5HomeMatchPointRatio,bHomeCumGoal,bHomeCumConceded,b5HomeMatchGoal,b5HomeMatchConceded,b5AwayMatchPoints,b5AwayMatchPointRatio,bAwayCumGoal,bAwayCumConceded,b5AwayMatchGoal,b5AwayMatchConceded,SelfAS,SelfDS,SelfFromCL,RivalAS,RivalDS,RivalFromCL,bStdCumPoints,bRivalCumPoints,bRival5MatchPoints,bRival5MatchPointRatio,bRivalCumGoal,bRival5MatchGoal,bRivalCumConceded,bRival5MatchConceded,bRival5HomeMatchPoints,bRival5HomeMatchPointRatio,bRivalHomeCumGoal,bRivalHomeCumConceded,bRival5HomeMatchGoal,bRival5HomeMatchConceded,bRival5AwayMatchPoints,bRival5AwayMatchPointRatio,bRivalAwayCumGoal,bRivalAwayCumConceded,bRival5AwayMatchGoal,bRival5AwayMatchConceded,bRivalStdCumPoints
2013-08-17,1,False,Liverpool,0,1,0,0,0,0.0,,0,0.0,0,0.0,,,,,,,0.0,,0.0,0.0,0.0,0.0,0.5520169851380042,0.7770270270270271,False,1.114864864864865,0.6794055201698513,False,,0,0.0,,0,0.0,0,0.0,0.0,,0.0,0.0,0.0,0.0,,,,,,,
2013-08-24,2,True,Crystal Palace,2,1,3,3,0,0.0,0.0,0,0.0,1,1.0,0.0,,0.0,0.0,0.0,0.0,,,,,,,0.7094594594594595,0.9341825902335456,False,0.6344410876132931,0.7451923076923076,True,-0.9876836161033176,0,0.0,0.0,0,0.0,1,1.0,,,,,,,0.0,,0.0,0.0,0.0,0.0,-0.9876836161033176
2013-08-31,3,False,West Ham,1,0,3,6,3,3.0,0.5,2,2.0,2,2.0,,,,,,,0.0,0.0,0.0,1.0,0.0,1.0,0.5520169851380042,0.7770270270270271,False,1.1486486486486491,0.9341825902335456,False,0.08138042174965555,4,4.0,0.6666666666666666,2,2.0,0,0.0,3.0,1.0,2.0,0.0,2.0,0.0,,,,,,,0.6239165667473596
2013-09-14,4,True,Man City,0,0,1,7,6,6.0,0.6666666666666666,3,3.0,2,2.0,3.0,1.0,2.0,1.0,2.0,1.0,,,,,,,0.7094594594594595,0.9341825902335456,False,1.061571125265393,0.6418918918918919,False,0.9170515833677934,6,6.0,0.6666666666666666,8,8.0,3,3.0,,,,,,,0.0,0.0,2.0,3.0,2.0,3.0,0.9170515833677934
2013-09-22,5,False,Arsenal,1,3,0,7,7,7.0,0.5833333333333334,3,3.0,2,2.0,,,,,,,3.0,0.5,1.0,1.0,1.0,1.0,0.5520169851380042,0.7770270270270271,False,1.5878378378378382,0.9766454352441614,False,0.6414234676826974,9,9.0,0.75,8,8.0,5,5.0,3.0,0.5,2.0,3.0,2.0,3.0,,,,,,,1.4690666517894038
2013-09-29,6,True,Norwich,0,1,0,7,7,7.0,0.4666666666666667,4,4.0,5,5.0,4.0,0.6666666666666666,2.0,1.0,2.0,1.0,,,,,,,0.7094594594594595,0.9341825902335456,False,0.6794055201698513,1.2837837837837838,False,0.016969562466907513,4,4.0,0.26666666666666666,3,3.0,6,6.0,,,,,,,0.0,0.0,0.0,3.0,0.0,3.0,-1.0012041855475469
2013-10-05,7,False,Fulham,0,1,0,7,7,7.0,0.4666666666666667,4,4.0,6,5.0,,,,,,,3.0,0.3333333333333333,2.0,4.0,2.0,4.0,0.5520169851380042,0.7770270270270271,False,0.9459459459459459,1.2738853503184715,False,-0.3916340961138085,4,1.0,0.06666666666666668,4,3.0,9,9.0,1.0,0.1111111111111111,3.0,6.0,3.0,6.0,,,,,,,-1.2308500163576837
2013-10-19,8,True,West Brom,0,0,1,8,7,4.0,0.26666666666666666,4,2.0,7,5.0,4.0,0.4444444444444444,2.0,2.0,2.0,2.0,,,,,,,0.7094594594594595,0.9341825902335456,False,0.8917197452229301,1.0810810810810811,False,-0.7032461253940945,9,8.0,0.5333333333333333,7,7.0,6,5.0,,,,,,,5.0,0.5555555555555556,3.0,2.0,3.0,2.0,-0.20092746439831285
2013-10-26,9,False,Man Utd,2,3,0,8,8,2.0,0.13333333333333333,4,1.0,7,5.0,,,,,,,3.0,0.25,2.0,5.0,2.0,5.0,0.5520169851380042,0.7770270270270271,False,1.5202702702702702,0.8067940552016986,False,-0.6632642731029608,11,7.0,0.4666666666666667,11,7.0,10,8.0,5.0,0.4166666666666667,4.0,3.0,4.0,3.0,,,,,,,-0.03158401300490297
2013-11-02,10,True,Southampton,1,1,1,9,8,1.0,0.06666666666666668,6,3.0,10,8.0,5.0,0.4166666666666667,2.0,2.0,2.0,2.0,,,,,,,0.7094594594594595,0.9341825902335456,False,0.9766454352441614,1.2162162162162162,False,-0.8285712028791999,18,13.0,0.8666666666666667,10,8.0,3,1.0,,,,,,,7.0,0.5833333333333334,3.0,2.0,3.0,2.0,0.9924644078443162
2013-11-11,11,False,Swansea,3,3,1,10,9,2.0,0.13333333333333333,7,3.0,11,6.0,,,,,,,3.0,0.25,4.0,8.0,4.0,8.0,0.5520169851380042,0.7770270270270271,False,0.9459459459459459,1.1040339702760085,False,-0.8378823208695427,11,4.0,0.26666666666666666,12,5.0,12,5.0,5.0,0.3333333333333333,8.0,8.0,8.0,8.0,,,,,,,-0.4958895368411579
2013-11-23,12,True,Sunderland,2,0,3,13,10,3.0,0.2,10,6.0,14,8.0,6.0,0.4,3.0,3.0,3.0,3.0,,,,,,,0.7094594594594595,0.9341825902335456,False,0.8917197452229301,1.1824324324324325,False,-0.904754926562717,7,6.0,0.4,8,4.0,22,8.0,,,,,,,1.0,0.08333333333333333,2.0,12.0,2.0,12.0,-1.421757741741413
2013-11-30,13,False,Everton,0,4,0,13,13,6.0,0.4,12,8.0,14,7.0,,,,,,,4.0,0.3333333333333333,7.0,11.0,7.0,10.0,0.5520169851380042,0.7770270270270271,False,1.114864864864865,0.7218683651804672,False,-0.5919205595148082,21,9.0,0.6,17,7.0,13,4.0,11.0,0.7333333333333333,9.0,6.0,9.0,6.0,,,,,,,0.7234584616292093
2013-12-05,14,True,Cardiff,0,0,1,14,13,5.0,0.3333333333333333,12,8.0,18,11.0,6.0,0.4,5.0,3.0,3.0,2.0,,,,,,,0.7094594594594595,0.9341825902335456,False,1.0574018126888216,0.7211538461538461,True,-0.753778361444409,13,5.0,0.3333333333333333,11,3.0,20,7.0,,,,,,,5.0,0.4166666666666667,4.0,10.0,4.0,8.0,-0.753778361444409
2013-12-07,15,True,Chelsea,3,2,3,17,14,6.0,0.4,12,6.0,18,8.0,6.0,0.4,5.0,3.0,3.0,2.0,,,,,,,0.7094594594594595,0.9341825902335456,False,1.4437367303609343,0.7770270270270271,False,-0.7420308523526579,30,10.0,0.6666666666666666,28,12.0,14,8.0,,,,,,,10.0,0.8333333333333334,11.0,8.0,11.0,7.0,1.4364083472147782
2013-12-15,16,False,Hull,0,0,1,18,17,8.0,0.5333333333333333,15,8.0,20,9.0,,,,,,,1.0,0.08333333333333333,7.0,15.0,6.0,14.0,0.5520169851380042,0.7770270270270271,False,0.8413461538461537,0.6646525679758308,True,-0.5158090348515092,18,4.0,0.26666666666666666,13,5.0,19,9.0,10.0,0.6666666666666666,7.0,3.0,5.0,2.0,,,,,,,-0.3800698151537436
2013-12-21,17,True,Aston Villa,2,1,3,21,18,8.0,0.5333333333333333,15,5.0,20,6.0,9.0,0.6,8.0,5.0,6.0,3.0,,,,,,,0.7094594594594595,0.9341825902335456,False,1.0191082802547768,1.3851351351351353,False,-0.5207447284115796,19,5.0,0.3333333333333333,16,5.0,21,9.0,,,,,,,6.0,0.5,10.0,9.0,5.0,6.0,-0.3937338190429017
2013-12-26,18,False,Newcastle,1,5,0,21,21,8.0,0.5333333333333333,17,5.0,21,7.0,,,,,,,2.0,0.16666666666666666,7.0,15.0,5.0,11.0,0.5520169851380042,0.7770270270270271,False,0.8108108108108107,1.316348195329087,False,-0.28211577192461984,30,10.0,0.6666666666666666,24,7.0,22,5.0,11.0,0.7333333333333333,12.0,8.0,9.0,5.0,,,,,,,0.7542278800433717
2013-12-30,19,False,Spurs,0,3,0,21,21,8.0,0.5333333333333333,18,6.0,26,8.0,,,,,,,2.0,0.16666666666666666,8.0,20.0,6.0,15.0,0.5520169851380042,0.7770270270270271,False,0.9797297297297298,0.7643312101910827,False,-0.4326591464865574,31,10.0,0.6666666666666666,19,8.0,24,10.0,5.0,0.3333333333333333,8.0,13.0,4.0,9.0,,,,,,,0.6767232804020518
2014-01-01,20,True,Everton,1,1,1,22,21,7.0,0.4666666666666667,18,6.0,29,11.0,11.0,0.7333333333333333,10.0,6.0,8.0,4.0,,,,,,,0.7094594594594595,0.9341825902335456,False,0.9341825902335456,0.7770270270270271,False,-0.5376343010307458,37,10.0,0.6666666666666666,31,9.0,18,5.0,,,,,,,11.0,0.9166666666666666,12.0,9.0,6.0,2.0,1.100870235443908
2014-01-13,21,True,Liverpool,3,5,0,22,22,5.0,0.3333333333333333,19,4.0,30,10.0,11.0,0.7333333333333333,11.0,7.0,8.0,4.0,,,,,,,0.7094594594594595,0.9341825902335456,False,1.6135881104033971,0.9121621621621622,False,-0.5443949257533951,39,9.0,0.6,46,12.0,23,5.0,,,,,,,4.0,0.3333333333333333,19.0,17.0,11.0,10.0,1.0936075057169978
2014-01-18,22,False,Crystal Palace,0,1,0,22,22,4.0,0.26666666666666666,22,7.0,35,15.0,,,,,,,2.0,0.16666666666666666,8.0,23.0,4.0,15.0,0.5520169851380042,0.7770270270270271,False,1.25,0.9365558912386708,True,-0.6298372668752539,17,4.0,0.26666666666666666,13,2.0,31,7.0,8.0,0.5333333333333333,8.0,14.0,4.0,4.0,,,,,,,-1.0702829080467602
2014-01-30,23,False,Sunderland,0,1,0,22,22,1.0,0.06666666666666668,22,5.0,36,15.0,,,,,,,1.0,0.08333333333333333,8.0,24.0,1.0,13.0,0.5520169851380042,0.7770270270270271,False,0.6756756756756757,0.8067940552016986,False,-0.7051191714865133,18,8.0,0.5333333333333333,21,9.0,36,6.0,2.0,0.13333333333333333,12.0,19.0,6.0,9.0,,,,,,,-1.0369399580684018
2014-02-01,24,True,Man Utd,2,1,3,25,22,1.0,0.06666666666666668,22,4.0,37,11.0,8.0,0.5333333333333333,14.0,12.0,9.0,9.0,,,,,,,0.7094594594594595,0.9341825902335456,False,1.7409766454352442,0.8108108108108107,False,-0.8055858176629082,40,9.0,0.6,38,7.0,27,5.0,,,,,,,10.0,0.8333333333333334,22.0,17.0,10.0,7.0,0.6665507019241319
2014-02-08,25,False,Southampton,2,2,1,26,25,4.0,0.26666666666666666,24,6.0,38,9.0,,,,,,,1.0,0.08333333333333333,8.0,25.0,1.0,10.0,0.5520169851380042,0.7770270270270271,False,0.8783783783783784,1.0191082802547768,False,-0.6680366534914647,35,8.0,0.5333333333333333,34,8.0,27,7.0,5.0,0.3333333333333333,19.0,14.0,6.0,9.0,,,,,,,0.14170474468000765
2014-02-13,26,True,Swansea,1,1,1,27,26,4.0,0.26666666666666666,26,7.0,40,10.0,10.0,0.6666666666666666,16.0,13.0,11.0,10.0,,,,,,,0.7094594594594595,0.9341825902335456,False,0.8067940552016986,0.8445945945945946,False,-0.6903233964980308,27,6.0,0.4,32,6.0,35,7.0,,,,,,,2.0,0.16666666666666666,8.0,15.0,2.0,7.0,-0.6100532341145388
2014-02-22,27,False,Man City,0,1,0,27,27,5.0,0.3333333333333333,27,5.0,41,6.0,,,,,,,1.0,0.08333333333333333,10.0,27.0,3.0,12.0,0.5520169851380042,0.7770270270270271,False,1.3851351351351353,0.6369426751592357,False,-0.6734178078407757,54,10.0,0.6666666666666666,68,11.0,27,4.0,12.0,0.8,42.0,9.0,13.0,7.0,,,,,,,1.5572411502397434
2014-03-01,28,True,Arsenal,1,0,3,30,27,5.0,0.3333333333333333,27,5.0,42,6.0,8.0,0.5333333333333333,17.0,14.0,9.0,9.0,,,,,,,0.7094594594594595,0.9341825902335456,False,1.061571125265393,0.47297297297297297,False,-0.7631119017712671,59,8.0,0.5333333333333333,52,9.0,27,8.0,,,,,,,10.0,0.8333333333333334,26.0,20.0,9.0,9.0,1.57369009408333
2014-03-08,29,False,Norwich,1,1,1,31,30,8.0,0.5333333333333333,28,6.0,42,5.0,,,,,,,1.0,0.08333333333333333,10.0,28.0,2.0,8.0,0.5520169851380042,0.7770270270270271,False,0.8445945945945946,0.8492569002123141,False,-0.6062759175486677,28,4.0,0.26666666666666666,21,3.0,43,8.0,8.0,0.5333333333333333,12.0,11.0,2.0,1.0,,,,,,,-0.7432874243393272
2014-03-15,30,True,West Ham,3,1,3,34,31,6.0,0.4,29,5.0,43,5.0,8.0,0.5333333333333333,18.0,14.0,8.0,8.0,,,,,,,0.7094594594594595,0.9341825902335456,False,0.4670912951167728,1.0472972972972974,False,-0.6145166364546379,31,12.0,0.8,31,9.0,35,2.0,,,,,,,7.0,0.5833333333333334,11.0,15.0,5.0,3.0,-0.5377701641533381
2014-03-24,31,False,Aston Villa,4,1,3,37,34,8.0,0.5333333333333333,32,6.0,44,4.0,,,,,,,2.0,0.16666666666666666,11.0,29.0,3.0,6.0,0.5520169851380042,0.7770270270270271,False,0.7770270270270271,1.18895966029724,False,-0.4916139590242944,34,7.0,0.4666666666666667,32,5.0,38,4.0,9.0,0.6,17.0,22.0,10.0,8.0,,,,,,,-0.4173455231536847
2014-03-29,32,True,Hull,1,0,3,40,37,10.0,0.6666666666666666,36,9.0,45,4.0,10.0,0.6666666666666666,21.0,15.0,10.0,8.0,,,,,,,0.7094594594594595,0.9341825902335456,False,0.7854984894259819,0.7211538461538461,True,-0.3797771593535572,33,6.0,0.4,33,8.0,39,8.0,,,,,,,6.0,0.5,14.0,23.0,7.0,4.0,-0.6288113622083488
2014-04-06,33,False,Chelsea,0,3,0,40,40,13.0,0.8666666666666667,37,10.0,45,3.0,,,,,,,5.0,0.4166666666666667,15.0,30.0,7.0,6.0,0.5520169851380042,0.7770270270270271,False,1.3851351351351353,0.6794055201698513,False,-0.2824951465892797,69,9.0,0.6,62,13.0,24,3.0,13.0,0.8666666666666667,39.0,9.0,14.0,0.0,,,,,,,1.5180233701336032
2014-04-12,34,True,Newcastle,1,0,3,43,40,10.0,0.6666666666666666,37,9.0,48,6.0,13.0,0.8666666666666667,22.0,15.0,8.0,3.0,,,,,,,0.7094594594594595,0.9341825902335456,False,0.8917197452229301,1.25,False,-0.3552805699297306,46,3.0,0.2,38,1.0,51,12.0,,,,,,,4.0,0.3333333333333333,19.0,25.0,4.0,9.0,0.006021704575080266
2014-04-19,35,False,Cardiff,1,1,1,44,43,12.0,0.8,38,9.0,48,5.0,,,,,,,5.0,0.4166666666666667,15.0,33.0,7.0,8.0,0.5520169851380042,0.7770270270270271,False,0.8894230769230769,0.4531722054380665,True,-0.2573973983583529,29,4.0,0.26666666666666666,30,8.0,64,14.0,4.0,0.26666666666666666,18.0,32.0,6.0,14.0,,,,,,,-1.085802818362247
2014-04-26,36,True,Spurs,0,1,0,44,44,10.0,0.6666666666666666,39,7.0,49,5.0,13.0,0.8666666666666667,23.0,15.0,7.0,2.0,,,,,,,0.7094594594594595,0.9341825902335456,False,1.5711252653927814,0.9459459459459459,False,-0.28976406315495545,63,10.0,0.6666666666666666,51,14.0,49,11.0,,,,,,,4.0,0.3333333333333333,24.0,26.0,7.0,12.0,0.8004373625765607
2014-05-03,37,True,Fulham,4,1,3,47,44,7.0,0.4666666666666667,39,3.0,50,5.0,12.0,0.8,23.0,16.0,6.0,2.0,,,,,,,0.7094594594594595,0.9341825902335456,False,0.9341825902335456,1.0135135135135136,False,-0.3532806100457707,31,7.0,0.4666666666666667,37,7.0,79,9.0,,,,,,,4.0,0.3333333333333333,15.0,43.0,5.0,13.0,-1.0822723450608536
2014-05-11,38,False,West Brom,2,1,3,50,47,7.0,0.4666666666666667,43,6.0,51,6.0,,,,,,,5.0,0.4166666666666667,16.0,34.0,6.0,7.0,0.5520169851380042,0.7770270270270271,False,1.0810810810810811,1.061571125265393,False,-0.2583107207919217,36,4.0,0.26666666666666666,42,5.0,57,9.0,6.0,0.4,23.0,25.0,8.0,10.0,,,,,,,-0.8628677269006745
