Date,Round,isHome,Rival,Goal,Conceded,Points,CumPoints,bCumPoints,b5MatchPoints,b5MatchPointRatio,bCumGoal,b5MatchGoal,bCumConceded,b5MatchConceded,b5HomeMatchPoints,b5HomeMatchPointRatio,bHomeCumGoal,bHomeCumConceded,b5HomeMatchGoal,b5HomeMatchConceded,b5AwayMatchPoints,b5AwayMatchPointRatio,bAwayCumGoal,bAwayCumConceded,b5AwayMatchGoal,b5AwayMatchConceded,SelfAS,SelfDS,SelfFromCL,RivalAS,RivalDS,RivalFromCL,bStdCumPoints,bRivalCumPoints,bRival5MatchPoints,bRival5MatchPointRatio,bRivalCumGoal,bRival5MatchGoal,bRivalCumConceded,bRival5MatchConceded,bRival5HomeMatchPoints,bRival5HomeMatchPointRatio,bRivalHomeCumGoal,bRivalHomeCumConceded,bRival5HomeMatchGoal,bRival5HomeMatchConceded,bRival5AwayMatchPoints,bRival5AwayMatchPointRatio,bRivalAwayCumGoal,bRivalAwayCumConceded,bRival5AwayMatchGoal,bRival5AwayMatchConceded,bRivalStdCumPoints
2018-08-12,1,False,Wolves,2,2,1,1,0,0.0,,0,0.0,0,0.0,,,,,,,0.0,,0.0,0.0,0.0,0.0,0.7339449541284403,1.2371134020618555,False,1.2066752246469834,0.5714285714285714,True,,0,0.0,,0,0.0,0,0.0,0.0,,0.0,0.0,0.0,0.0,,,,,,,
2018-08-18,2,True,Southampton,2,1,3,4,1,1.0,0.3333333333333333,2,2.0,2,2.0,0.0,,0.0,0.0,0.0,0.0,,,,,,,0.9621993127147764,1.0091743119266054,False,0.7798165137614679,1.0309278350515465,False,-0.2874172848876244,1,1.0,0.3333333333333333,0,0.0,0,0.0,,,,,,,0.0,,0.0,0.0,0.0,0.0,-0.2874172848876244
2018-08-25,3,False,Bournemouth,2,2,1,5,4,4.0,0.6666666666666666,4,4.0,3,3.0,,,,,,,1.0,0.3333333333333333,2.0,2.0,2.0,2.0,0.7339449541284403,1.2371134020618555,False,0.8934707903780068,1.3761467889908257,False,0.4767550120076829,6,6.0,1.0,4,4.0,1,1.0,3.0,1.0,2.0,0.0,2.0,0.0,,,,,,,1.3058941633253924
2018-09-01,4,True,Huddersfield,1,1,1,6,5,5.0,0.5555555555555556,6,6.0,5,5.0,3.0,1.0,2.0,1.0,2.0,1.0,,,,,,,0.9621993127147764,1.0091743119266054,False,0.5504587155963302,1.134020618556701,False,0.2548671515854189,1,1.0,0.1111111111111111,1,1.0,9,9.0,,,,,,,0.0,0.0,1.0,6.0,1.0,6.0,-1.0194686063416762
2018-09-16,5,True,West Ham,1,3,0,6,6,6.0,0.5,7,7.0,6,6.0,4.0,0.6666666666666666,3.0,2.0,3.0,2.0,,,,,,,0.9621993127147764,1.0091743119266054,False,1.1009174311926604,1.443298969072165,False,0.1059528057476076,0,0.0,0.0,2,2.0,10,10.0,,,,,,,0.0,0.0,1.0,7.0,1.0,7.0,-1.483339280466505
2018-09-23,6,False,Arsenal,0,2,0,6,6,6.0,0.4,8,8.0,9,9.0,,,,,,,2.0,0.3333333333333333,4.0,4.0,4.0,4.0,0.7339449541284403,1.2371134020618555,False,1.855670103092784,0.9174311926605504,False,-0.2382771199799706,9,9.0,0.6,10,10.0,9,9.0,3.0,0.5,3.0,3.0,3.0,3.0,,,,,,,0.4425146513913741
2018-09-29,7,True,Fulham,3,0,3,9,6,5.0,0.3333333333333333,8,6.0,11,9.0,4.0,0.4444444444444444,4.0,5.0,4.0,5.0,,,,,,,0.9621993127147764,1.0091743119266054,False,1.2380952380952381,0.7445442875481387,True,-0.4752568996389181,5,5.0,0.3333333333333333,8,8.0,13,11.0,,,,,,,1.0,0.1111111111111111,3.0,8.0,3.0,8.0,-0.6774938782086705
2018-10-06,8,False,Leicester,2,1,3,12,9,5.0,0.3333333333333333,11,7.0,11,8.0,,,,,,,2.0,0.2222222222222222,4.0,6.0,4.0,6.0,0.7339449541284403,1.2371134020618555,False,0.8591065292096222,1.0091743119266054,False,-0.1446451861253464,12,9.0,0.6,13,10.0,10,8.0,6.0,0.6666666666666666,6.0,3.0,6.0,3.0,,,,,,,0.3977742618447021
2018-10-21,9,True,Crystal Palace,2,0,3,15,12,7.0,0.4666666666666667,13,7.0,12,7.0,7.0,0.5833333333333334,7.0,5.0,7.0,5.0,,,,,,,0.9621993127147764,1.0091743119266054,False,0.7339449541284403,0.9621993127147764,False,0.1282583971918271,7,4.0,0.26666666666666666,5,2.0,9,5.0,,,,,,,6.0,0.5,5.0,4.0,5.0,4.0,-0.6733565852570915
2018-10-29,10,False,Man Utd,1,2,0,15,15,9.0,0.6,15,8.0,12,6.0,,,,,,,5.0,0.4166666666666667,6.0,7.0,6.0,7.0,0.7339449541284403,1.2371134020618555,False,1.3058419243986257,0.4128440366972477,False,0.3443770879045267,14,8.0,0.5333333333333333,15,9.0,16,9.0,7.0,0.5833333333333334,6.0,7.0,6.0,7.0,,,,,,,0.20088663461097395
2018-11-03,11,True,Brighton,3,1,3,18,15,9.0,0.6,16,8.0,14,5.0,10.0,0.6666666666666666,9.0,5.0,9.0,5.0,,,,,,,0.9621993127147764,1.0091743119266054,False,0.4587155963302752,0.9965635738831616,False,0.1358556594687939,14,9.0,0.6,11,4.0,13,4.0,,,,,,,4.0,0.3333333333333333,3.0,7.0,3.0,7.0,0.006469317117561702
2018-11-11,12,False,Chelsea,0,0,1,19,18,12.0,0.8,19,11.0,15,4.0,,,,,,,5.0,0.4166666666666667,7.0,9.0,7.0,9.0,0.7339449541284403,1.2371134020618555,False,1.0309278350515465,0.7339449541284403,False,0.32147671818458023,27,11.0,0.7333333333333333,27,13.0,8,4.0,11.0,0.7333333333333333,15.0,7.0,12.0,5.0,,,,,,,1.4342807426696658
2018-11-24,13,True,Cardiff,1,0,3,22,19,10.0,0.6666666666666666,19,8.0,15,4.0,10.0,0.6666666666666666,12.0,6.0,10.0,5.0,,,,,,,0.9621993127147764,1.0091743119266054,False,0.9206349206349208,0.5905006418485238,True,0.2795628300823473,8,6.0,0.4,11,7.0,25,9.0,,,,,,,1.0,0.08333333333333333,2.0,11.0,2.0,11.0,-1.0290291405158731
2018-12-03,14,False,Liverpool,0,1,0,22,22,10.0,0.6666666666666666,20,7.0,15,3.0,,,,,,,5.0,0.4166666666666667,7.0,9.0,5.0,7.0,0.7339449541284403,1.2371134020618555,False,1.5463917525773194,0.4587155963302752,False,0.4471061481923966,33,13.0,0.8666666666666667,26,11.0,5,2.0,13.0,0.8666666666666667,14.0,1.0,10.0,1.0,,,,,,,1.6922118773357795
2018-12-06,15,True,Newcastle,1,1,1,23,22,7.0,0.4666666666666667,20,5.0,16,4.0,12.0,0.8,13.0,6.0,10.0,4.0,,,,,,,0.9621993127147764,1.0091743119266054,False,0.8256880733944953,1.0309278350515465,False,0.2686790833839217,12,10.0,0.6666666666666666,11,5.0,19,5.0,,,,,,,5.0,0.4166666666666667,5.0,6.0,5.0,6.0,-0.8060372501517651
2018-12-11,16,True,Watford,2,2,1,24,23,8.0,0.5333333333333333,21,5.0,17,3.0,13.0,0.8666666666666667,14.0,7.0,10.0,2.0,,,,,,,0.9621993127147764,1.0091743119266054,False,0.7798165137614679,1.134020618556701,False,0.21542275680368492,20,1.0,0.06666666666666668,18,2.0,21,9.0,,,,,,,4.0,0.3333333333333333,7.0,8.0,3.0,6.0,-0.08516713641075936
2018-12-15,17,False,Man City,1,3,0,24,24,6.0,0.4,23,4.0,19,4.0,,,,,,,4.0,0.3333333333333333,7.0,10.0,3.0,6.0,0.7339449541284403,1.2371134020618555,False,2.0962199312714778,0.6422018348623852,False,0.16192602104265896,41,12.0,0.8,45,12.0,9,5.0,15.0,1.0,30.0,5.0,19.0,3.0,,,,,,,1.7811862314692493
2018-12-24,18,True,Spurs,2,6,0,24,24,5.0,0.3333333333333333,24,5.0,22,7.0,11.0,0.7333333333333333,16.0,9.0,9.0,4.0,,,,,,,0.9621993127147764,1.0091743119266054,False,1.5596330275229358,0.6872852233676975,False,0.0181494794994962,39,12.0,0.8,31,11.0,16,6.0,,,,,,,12.0,1.0,19.0,10.0,9.0,6.0,1.3793604419617158
2018-12-26,19,False,Burnley,5,1,3,27,24,2.0,0.13333333333333333,26,6.0,28,13.0,,,,,,,4.0,0.3333333333333333,8.0,13.0,4.0,7.0,0.7339449541284403,1.2371134020618555,False,0.549828178694158,0.7798165137614679,False,-0.10990512919076716,12,3.0,0.2,16,3.0,36,9.0,4.0,0.26666666666666666,9.0,15.0,4.0,10.0,,,,,,,-1.164994369422132
2018-12-29,20,False,Brighton,0,1,0,27,27,5.0,0.3333333333333333,31,11.0,29,13.0,,,,,,,4.0,0.3333333333333333,13.0,14.0,7.0,7.0,0.7339449541284403,1.2371134020618555,False,0.8247422680412371,1.146788990825688,False,0.0332435415111415,22,4.0,0.26666666666666666,21,5.0,27,7.0,8.0,0.5333333333333333,14.0,11.0,7.0,5.0,,,,,,,-0.3823007273781288
2019-01-01,21,True,Leicester,0,1,0,27,27,4.0,0.26666666666666666,31,10.0,30,13.0,8.0,0.5333333333333333,18.0,15.0,9.0,10.0,,,,,,,0.9621993127147764,1.0091743119266054,False,1.4220183486238531,1.3058419243986257,False,-0.08565778624412504,28,6.0,0.4,24,3.0,23,5.0,,,,,,,8.0,0.6666666666666666,12.0,13.0,4.0,3.0,-0.0040789422021012475
2019-01-13,22,True,Bournemouth,2,0,3,30,27,3.0,0.2,31,8.0,31,12.0,5.0,0.3333333333333333,18.0,16.0,6.0,10.0,,,,,,,0.9621993127147764,1.0091743119266054,False,0.8715596330275229,1.0652920962199313,False,-0.18902912454317264,27,4.0,0.26666666666666666,31,6.0,40,14.0,,,,,,,0.0,0.0,12.0,23.0,3.0,16.0,-0.18902912454317264
2019-01-19,23,False,Southampton,1,2,0,30,30,6.0,0.4,33,9.0,31,9.0,,,,,,,4.0,0.3333333333333333,13.0,15.0,6.0,6.0,0.7339449541284403,1.2371134020618555,False,0.6872852233676975,1.1926605504587156,False,-0.06470752972777635,19,7.0,0.4666666666666667,23,7.0,39,7.0,5.0,0.3333333333333333,11.0,17.0,8.0,10.0,,,,,,,-0.902099090910763
2019-01-30,24,False,Huddersfield,1,0,3,33,30,6.0,0.4,34,8.0,33,5.0,,,,,,,3.0,0.25,14.0,17.0,7.0,8.0,0.7339449541284403,1.2371134020618555,False,0.549828178694158,1.146788990825688,False,-0.16630305391036926,11,1.0,0.06666666666666668,13,2.0,40,9.0,0.0,0.0,5.0,19.0,3.0,11.0,,,,,,,-1.5401108905612473
2019-02-02,25,True,Wolves,1,3,0,33,33,6.0,0.4,35,4.0,33,4.0,5.0,0.3333333333333333,20.0,16.0,7.0,10.0,,,,,,,0.9621993127147764,1.0091743119266054,False,1.1111111111111112,0.5391527599486522,True,-0.04685483349866448,35,9.0,0.6,30,10.0,31,9.0,,,,,,,7.0,0.5833333333333334,11.0,13.0,7.0,8.0,0.097313884958765
2019-02-07,26,True,Man City,0,2,0,33,33,6.0,0.4,36,5.0,36,6.0,4.0,0.26666666666666666,21.0,19.0,7.0,12.0,,,,,,,0.9621993127147764,1.0091743119266054,False,2.0642201834862384,0.4467353951890034,False,-0.13888606878129586,59,12.0,0.8,66,12.0,20,4.0,,,,,,,6.0,0.5,23.0,9.0,8.0,7.0,1.6666328253755502
2019-02-09,27,False,Watford,0,1,0,33,33,6.0,0.4,36,5.0,38,7.0,,,,,,,6.0,0.5,15.0,17.0,8.0,7.0,0.7339449541284403,1.2371134020618555,False,0.9278350515463916,1.4220183486238531,False,-0.22406633769985573,34,6.0,0.4,33,6.0,34,6.0,5.0,0.3333333333333333,16.0,18.0,6.0,7.0,,,,,,,-0.06944303439064793
2019-02-27,28,False,Cardiff,3,0,3,36,33,3.0,0.2,36,3.0,39,8.0,,,,,,,6.0,0.5,15.0,18.0,7.0,5.0,0.7339449541284403,1.2371134020618555,False,1.0269576379974326,0.5079365079365079,True,-0.3079801845440105,25,6.0,0.4,25,6.0,52,11.0,4.0,0.26666666666666666,16.0,28.0,4.0,13.0,,,,,,,-0.8212804921173616
2019-03-04,29,True,Liverpool,0,0,1,37,36,6.0,0.4,39,5.0,39,6.0,3.0,0.2,21.0,21.0,5.0,12.0,,,,,,,0.9621993127147764,1.0091743119266054,False,1.7889908256880735,0.9621993127147764,False,-0.2164061213461192,69,9.0,0.6,64,10.0,15,2.0,,,,,,,8.0,0.6666666666666666,24.0,8.0,5.0,3.0,1.8535654741384973
2019-03-09,30,False,Newcastle,2,3,0,37,37,4.0,0.26666666666666666,39,4.0,39,6.0,,,,,,,6.0,0.5,18.0,18.0,5.0,4.0,0.7339449541284403,1.2371134020618555,False,0.7216494845360825,0.7798165137614679,False,-0.2275588541974348,31,7.0,0.4666666666666667,26,5.0,36,4.0,12.0,0.8,16.0,18.0,9.0,3.0,,,,,,,-0.5916530209133306
2019-03-18,31,True,Chelsea,2,0,3,40,37,4.0,0.26666666666666666,41,5.0,42,6.0,4.0,0.26666666666666666,21.0,21.0,3.0,6.0,,,,,,,0.9621993127147764,1.0091743119266054,False,1.4678899082568806,0.7560137457044673,False,-0.29796819751270764,57,10.0,0.6666666666666666,50,10.0,31,8.0,,,,,,,6.0,0.5,21.0,21.0,3.0,13.0,0.9860883681888842
2019-03-31,32,False,West Ham,2,0,3,43,40,7.0,0.4666666666666667,43,7.0,42,4.0,,,,,,,6.0,0.5,20.0,21.0,7.0,6.0,0.7339449541284403,1.2371134020618555,False,0.8247422680412371,1.1926605504587156,False,-0.20536077828226254,42,9.0,0.6,41,9.0,46,7.0,13.0,0.8666666666666667,27.0,23.0,11.0,5.0,,,,,,,-0.09127145701433896
2019-04-07,33,True,Arsenal,1,0,3,46,43,10.0,0.6666666666666666,45,9.0,42,3.0,7.0,0.4666666666666667,23.0,21.0,5.0,5.0,,,,,,,0.9621993127147764,1.0091743119266054,False,0.9174311926605504,1.0652920962199313,False,-0.10657379255103663,63,13.0,0.8666666666666667,65,12.0,39,2.0,,,,,,,4.0,0.3333333333333333,26.0,27.0,5.0,11.0,1.1066664162988589
2019-04-13,34,False,Fulham,0,2,0,46,46,10.0,0.6666666666666666,46,7.0,42,3.0,,,,,,,9.0,0.75,22.0,21.0,8.0,4.0,0.7339449541284403,1.2371134020618555,False,1.0269576379974326,0.5396825396825397,True,-0.031186304669004614,17,0.0,0.0,30,4.0,76,13.0,3.0,0.2,19.0,32.0,6.0,11.0,,,,,,,-1.5385243636708903
2019-04-21,35,True,Man Utd,4,0,3,49,46,9.0,0.6,46,7.0,44,5.0,7.0,0.4666666666666667,24.0,21.0,4.0,5.0,,,,,,,0.9621993127147764,1.0091743119266054,False,1.3761467889908257,0.6529209621993127,False,-0.0989891478686131,64,9.0,0.6,63,8.0,44,8.0,,,,,,,9.0,0.75,31.0,24.0,8.0,5.0,0.9044028354011314
2019-04-27,36,False,Crystal Palace,0,0,1,50,49,12.0,0.8,50,9.0,44,2.0,,,,,,,6.0,0.5,22.0,23.0,7.0,6.0,0.7339449541284403,1.2371134020618555,False,0.9965635738831616,1.2385321100917428,False,-0.020419692574707285,42,9.0,0.6,43,7.0,48,7.0,4.0,0.26666666666666666,14.0,20.0,6.0,9.0,,,,,,,-0.377764312632086
2019-05-04,37,True,Burnley,2,0,3,53,50,10.0,0.6666666666666666,50,7.0,44,2.0,10.0,0.6666666666666666,28.0,21.0,7.0,2.0,,,,,,,0.9621993127147764,1.0091743119266054,False,0.9174311926605504,0.7560137457044673,False,-0.03511058771765272,40,10.0,0.6666666666666666,44,9.0,63,4.0,,,,,,,7.0,0.5833333333333334,21.0,34.0,10.0,10.0,-0.5366904122555467
2019-05-12,38,False,Spurs,2,2,1,54,53,10.0,0.6666666666666666,52,7.0,44,2.0,,,,,,,7.0,0.5833333333333334,22.0,23.0,7.0,5.0,0.7339449541284403,1.2371134020618555,False,1.374570446735395,0.7339449541284403,False,0.04379001998324863,70,6.0,0.4,65,5.0,37,3.0,10.0,0.6666666666666666,32.0,14.0,8.0,2.0,,,,,,,0.8709348418890573
