Date,Round,isHome,Rival,Goal,Conceded,Points,CumPoints,bCumPoints,b5MatchPoints,b5MatchPointRatio,bCumGoal,b5MatchGoal,bCumConceded,b5MatchConceded,b5HomeMatchPoints,b5HomeMatchPointRatio,bHomeCumGoal,bHomeCumConceded,b5HomeMatchGoal,b5HomeMatchConceded,b5AwayMatchPoints,b5AwayMatchPointRatio,bAwayCumGoal,bAwayCumConceded,b5AwayMatchGoal,b5AwayMatchConceded,SelfAS,SelfDS,SelfFromCL,RivalAS,RivalDS,RivalFromCL,bStdCumPoints,bRivalCumPoints,bRival5MatchPoints,bRival5MatchPointRatio,bRivalCumGoal,bRival5MatchGoal,bRivalCumConceded,bRival5MatchConceded,bRival5HomeMatchPoints,bRival5HomeMatchPointRatio,bRivalHomeCumGoal,bRivalHomeCumConceded,bRival5HomeMatchGoal,bRival5HomeMatchConceded,bRival5AwayMatchPoints,bRival5AwayMatchPointRatio,bRivalAwayCumGoal,bRivalAwayCumConceded,bRival5AwayMatchGoal,bRival5AwayMatchConceded,bRivalStdCumPoints
2015-08-09,1,False,Stoke,1,0,3,3,0,0.0,,0,0.0,0,0.0,,,,,,,0.0,,0.0,0.0,0.0,0.0,1.0602409638554218,1.0,False,1.1428571428571428,1.0602409638554218,False,,0,0.0,,0,0.0,0,0.0,0.0,,0.0,0.0,0.0,0.0,,,,,,,
2015-08-18,2,True,Bournemouth,1,0,3,6,3,3.0,1.0,1,1.0,0,0.0,0.0,,0.0,0.0,0.0,0.0,,,,,,,1.0714285714285714,0.9638554216867472,False,1.5174506828528074,0.4907975460122699,True,1.2606230629781616,0,0.0,0.0,0,0.0,1,1.0,,,,,,,0.0,,0.0,0.0,0.0,0.0,-1.031418869709405
2015-08-25,3,False,Arsenal,0,0,1,7,6,6.0,1.0,2,2.0,0,0.0,,,,,,,3.0,1.0,1.0,0.0,1.0,0.0,1.0602409638554218,1.0,False,1.4642857142857144,0.6746987951807228,False,1.5863346684261752,3,3.0,0.5,2,2.0,3,3.0,0.0,0.0,0.0,2.0,0.0,2.0,,,,,,,0.1220257437250904
2015-08-29,4,True,West Ham,0,3,0,7,7,7.0,0.7777777777777778,2,2.0,0,0.0,3.0,1.0,1.0,0.0,1.0,0.0,,,,,,,1.0714285714285714,0.9638554216867472,False,0.9156626506024096,1.0357142857142858,False,1.3643605557812306,3,3.0,0.3333333333333333,6,6.0,6,6.0,,,,,,,3.0,1.0,2.0,0.0,2.0,0.0,-0.4249647632761212
2015-09-13,5,False,Man Utd,1,3,0,7,7,7.0,0.5833333333333334,2,2.0,3,3.0,,,,,,,4.0,0.6666666666666666,1.0,0.0,1.0,0.0,1.0602409638554218,1.0,False,1.4642857142857144,0.7228915662650602,False,0.6396603979762975,7,7.0,0.5833333333333334,3,3.0,2,2.0,4.0,0.6666666666666666,1.0,0.0,1.0,0.0,,,,,,,0.6396603979762975
2015-09-20,6,True,Norwich,1,1,1,8,7,7.0,0.4666666666666667,3,3.0,6,6.0,3.0,0.5,1.0,3.0,1.0,3.0,,,,,,,1.0714285714285714,0.9638554216867472,False,1.1532625189681336,0.5889570552147239,True,0.0741893228162279,7,7.0,0.4666666666666667,8,8.0,9,9.0,,,,,,,3.0,0.5,3.0,4.0,3.0,4.0,0.0741893228162279
2015-09-26,7,True,Aston Villa,3,2,3,11,8,5.0,0.3333333333333333,4,3.0,7,7.0,4.0,0.4444444444444444,2.0,4.0,2.0,4.0,,,,,,,1.0714285714285714,0.9638554216867472,False,0.6265060240963856,1.1428571428571428,False,-0.028507198976727113,4,1.0,0.06666666666666668,6,5.0,9,9.0,,,,,,,3.0,0.3333333333333333,4.0,5.0,4.0,5.0,-1.1687951580458156
2015-10-04,8,False,Everton,1,1,1,12,11,5.0,0.3333333333333333,7,5.0,9,9.0,,,,,,,4.0,0.4444444444444444,2.0,3.0,2.0,3.0,1.0602409638554218,1.0,False,0.9642857142857144,1.0120481927710845,False,0.3928512822480015,12,8.0,0.5333333333333333,11,6.0,7,5.0,4.0,0.4444444444444444,5.0,5.0,5.0,5.0,,,,,,,0.6547521370800025
2015-10-17,9,False,Spurs,0,0,1,13,12,5.0,0.3333333333333333,8,6.0,10,10.0,,,,,,,5.0,0.4166666666666667,3.0,4.0,3.0,4.0,1.0602409638554218,1.0,False,1.1071428571428572,1.1566265060240963,False,0.2744638345497833,13,11.0,0.7333333333333333,11,8.0,7,3.0,8.0,0.6666666666666666,7.0,3.0,7.0,3.0,,,,,,,0.5031836966746029
2015-10-26,10,True,Southampton,1,1,1,14,13,6.0,0.4,8,6.0,10,7.0,7.0,0.5833333333333334,5.0,6.0,5.0,6.0,,,,,,,1.0714285714285714,0.9638554216867472,False,0.8192771084337349,0.7142857142857143,False,0.1641656316344232,13,8.0,0.5333333333333333,15,10.0,12,7.0,,,,,,,6.0,0.5,5.0,3.0,5.0,3.0,0.1641656316344232
2015-10-31,11,False,Chelsea,3,1,3,17,14,7.0,0.4666666666666667,9,6.0,11,5.0,,,,,,,6.0,0.5,3.0,4.0,3.0,4.0,1.0602409638554218,1.0,False,1.2857142857142858,0.43373493975903615,False,0.07525416446779976,11,7.0,0.4666666666666667,15,8.0,19,7.0,7.0,0.4666666666666667,8.0,7.0,8.0,7.0,,,,,,,-0.489152069040698
2015-11-09,12,True,Crystal Palace,1,2,0,17,17,9.0,0.6,12,8.0,12,5.0,8.0,0.5333333333333333,6.0,7.0,6.0,7.0,,,,,,,1.0714285714285714,0.9638554216867472,False,1.2530120481927711,0.8571428571428571,False,0.3244428422615251,16,7.0,0.4666666666666667,12,4.0,11,4.0,,,,,,,9.0,0.75,6.0,4.0,6.0,4.0,0.16222142113076254
2015-11-22,13,False,Man City,4,1,3,20,17,6.0,0.4,13,6.0,14,5.0,,,,,,,6.0,0.5,6.0,5.0,5.0,5.0,1.0602409638554218,1.0,False,1.5714285714285716,0.6746987951807228,False,0.10051469082139487,26,11.0,0.7333333333333333,26,13.0,9,3.0,12.0,0.8,19.0,5.0,16.0,5.0,,,,,,,1.4922565637330194
2015-11-30,14,True,Swansea,1,0,3,23,20,8.0,0.5333333333333333,17,9.0,15,5.0,5.0,0.3333333333333333,7.0,9.0,6.0,9.0,,,,,,,1.0714285714285714,0.9638554216867472,False,0.9156626506024096,0.9642857142857144,False,0.33182128320027066,14,4.0,0.26666666666666666,14,4.0,18,8.0,,,,,,,4.0,0.3333333333333333,6.0,9.0,4.0,7.0,-0.5731458528004678
2015-12-07,15,False,Newcastle,0,2,0,23,23,10.0,0.6666666666666666,18,10.0,15,5.0,,,,,,,8.0,0.6666666666666666,10.0,6.0,9.0,6.0,1.0602409638554218,1.0,False,0.9285714285714286,1.3012048192771084,False,0.5723498903013845,10,4.0,0.26666666666666666,14,2.0,30,11.0,5.0,0.3333333333333333,11.0,12.0,9.0,9.0,,,,,,,-1.3113332929689954
2015-12-14,16,True,West Brom,2,2,1,24,23,9.0,0.6,18,9.0,17,6.0,8.0,0.5333333333333333,8.0,9.0,7.0,6.0,,,,,,,1.0714285714285714,0.9638554216867472,False,0.6746987951807228,0.892857142857143,False,0.3750529279324781,19,5.0,0.3333333333333333,14,6.0,19,8.0,,,,,,,7.0,0.5833333333333334,4.0,5.0,3.0,5.0,-0.19106469913541368
2015-12-20,17,False,Watford,0,3,0,24,24,7.0,0.4666666666666667,20,8.0,19,7.0,,,,,,,8.0,0.6666666666666666,10.0,8.0,8.0,5.0,1.0602409638554218,1.0,False,1.1779141104294475,0.6676783004552352,True,0.3025268440146775,25,9.0,0.6,18,8.0,16,6.0,6.0,0.4,6.0,6.0,5.0,6.0,,,,,,,0.4340602544558416
2015-12-26,18,True,Leicester,1,0,3,27,24,7.0,0.4666666666666667,20,7.0,22,8.0,8.0,0.5333333333333333,10.0,11.0,8.0,7.0,,,,,,,1.0714285714285714,0.9638554216867472,False,0.8674698795180723,1.1785714285714286,False,0.11421288818591087,38,13.0,0.8666666666666667,37,12.0,24,4.0,,,,,,,13.0,1.0833333333333333,21.0,11.0,14.0,6.0,1.8908578155223048
2015-12-31,19,False,Sunderland,1,0,3,30,27,7.0,0.4666666666666667,21,4.0,22,7.0,,,,,,,7.0,0.5833333333333334,10.0,11.0,7.0,7.0,1.0602409638554218,1.0,False,0.5714285714285714,1.3012048192771084,False,0.3183640604185081,12,3.0,0.2,19,5.0,37,11.0,7.0,0.4666666666666667,9.0,9.0,7.0,4.0,,,,,,,-1.5543657067491858
2016-01-02,20,False,West Ham,0,2,0,30,30,7.0,0.4666666666666667,22,4.0,22,7.0,,,,,,,9.0,0.75,11.0,11.0,8.0,7.0,1.0602409638554218,1.0,False,0.892857142857143,0.8674698795180723,False,0.4940366788238533,29,7.0,0.4666666666666667,28,3.0,23,2.0,9.0,0.6,14.0,12.0,6.0,4.0,,,,,,,0.3764088981515073
2016-01-14,21,True,Arsenal,3,3,1,31,30,7.0,0.4666666666666667,22,4.0,24,7.0,8.0,0.5333333333333333,11.0,11.0,6.0,5.0,,,,,,,1.0714285714285714,0.9638554216867472,False,1.4457831325301205,0.7857142857142858,False,0.3195048252113469,42,12.0,0.8,34,7.0,18,5.0,,,,,,,7.0,0.5833333333333334,18.0,12.0,7.0,7.0,1.688811218974262
2016-01-17,22,True,Man Utd,0,1,0,31,31,7.0,0.4666666666666667,25,5.0,27,8.0,8.0,0.5333333333333333,14.0,14.0,8.0,7.0,,,,,,,1.0714285714285714,0.9638554216867472,False,1.0120481927710845,0.7857142857142858,False,0.2876675394277535,34,5.0,0.3333333333333333,27,6.0,20,8.0,,,,,,,5.0,0.4166666666666667,15.0,16.0,7.0,9.0,0.6328685867410577
2016-01-23,23,False,Norwich,5,4,3,34,31,7.0,0.4666666666666667,25,5.0,28,6.0,,,,,,,6.0,0.5,11.0,13.0,5.0,8.0,1.0602409638554218,1.0,False,1.2269938650306749,0.7283763277693475,True,0.1311645357115804,23,6.0,0.4,24,4.0,38,9.0,11.0,0.7333333333333333,12.0,10.0,6.0,2.0,,,,,,,-0.7812844083689799
2016-02-03,24,False,Leicester,0,2,0,34,34,7.0,0.4666666666666667,30,9.0,32,10.0,,,,,,,6.0,0.5,16.0,17.0,6.0,11.0,1.0602409638554218,1.0,False,1.0,1.0602409638554218,False,0.31313193083503665,47,9.0,0.6,42,5.0,26,1.0,9.0,0.6,19.0,13.0,6.0,2.0,,,,,,,1.766958752569135
2016-02-06,25,True,Sunderland,2,2,1,35,34,4.0,0.26666666666666666,30,8.0,34,12.0,8.0,0.5333333333333333,14.0,15.0,7.0,6.0,,,,,,,1.0714285714285714,0.9638554216867472,False,0.7228915662650602,0.9285714285714286,False,0.14868656727370996,19,7.0,0.4666666666666667,28,9.0,47,9.0,,,,,,,3.0,0.25,15.0,34.0,8.0,16.0,-1.3894503355577694
2016-02-14,26,False,Aston Villa,6,0,3,38,35,5.0,0.3333333333333333,32,10.0,36,12.0,,,,,,,6.0,0.5,16.0,19.0,6.0,11.0,1.0602409638554218,1.0,False,0.6428571428571429,1.2048192771084338,False,0.11058944104519383,16,8.0,0.5333333333333333,20,4.0,40,3.0,8.0,0.5333333333333333,10.0,14.0,5.0,4.0,,,,,,,-1.7995918133717879
2016-03-03,27,True,Man City,3,0,3,41,38,7.0,0.4666666666666667,38,13.0,36,9.0,6.0,0.4,16.0,17.0,8.0,8.0,,,,,,,1.0714285714285714,0.9638554216867472,False,1.879518072289157,0.8571428571428571,False,0.261142284463203,47,7.0,0.4666666666666667,48,9.0,28,7.0,,,,,,,8.0,0.6666666666666666,13.0,11.0,6.0,5.0,1.1480406090552138
2016-03-06,28,False,Crystal Palace,2,1,3,44,41,10.0,0.6666666666666666,41,16.0,36,8.0,,,,,,,9.0,0.75,22.0,19.0,12.0,8.0,1.0602409638554218,1.0,False,0.7500000000000001,1.3012048192771084,False,0.3877497921468007,33,2.0,0.13333333333333333,31,7.0,37,10.0,1.0,0.06666666666666668,15.0,19.0,3.0,10.0,,,,,,,-0.469249869194882
2016-03-20,29,False,Southampton,2,3,0,44,44,10.0,0.6666666666666666,43,13.0,37,5.0,,,,,,,9.0,0.75,24.0,20.0,13.0,9.0,1.0602409638554218,1.0,False,1.3214285714285716,0.6265060240963856,False,0.523394084871214,44,7.0,0.4666666666666667,38,5.0,30,6.0,10.0,0.6666666666666666,25.0,16.0,8.0,3.0,,,,,,,0.28919330972839546
2016-04-03,30,True,Spurs,1,1,1,45,44,10.0,0.6666666666666666,45,15.0,40,6.0,8.0,0.5333333333333333,19.0,17.0,9.0,6.0,,,,,,,1.0714285714285714,0.9638554216867472,False,1.3012048192771084,1.0357142857142858,False,0.4108720768887677,61,10.0,0.6666666666666666,56,9.0,24,4.0,,,,,,,12.0,1.0,26.0,12.0,10.0,3.0,1.4429996001107968
2016-04-10,31,True,Stoke,4,1,3,48,45,10.0,0.6666666666666666,46,14.0,41,5.0,6.0,0.4,20.0,18.0,9.0,7.0,,,,,,,1.0714285714285714,0.9638554216867472,False,0.7710843373493976,0.8214285714285715,False,0.37181996965079417,47,8.0,0.5333333333333333,36,7.0,39,6.0,,,,,,,7.0,0.5833333333333334,17.0,21.0,6.0,9.0,0.263389575637299
2016-04-17,32,False,Bournemouth,2,1,3,51,48,10.0,0.6666666666666666,50,12.0,42,6.0,,,,,,,9.0,0.75,26.0,23.0,15.0,10.0,1.0602409638554218,1.0,False,1.1779141104294475,0.7587253414264037,True,0.4344514925064765,41,9.0,0.6,40,8.0,55,11.0,6.0,0.4,20.0,27.0,6.0,11.0,,,,,,,-0.3173207688565399
2016-04-21,33,True,Everton,4,0,3,54,51,10.0,0.6666666666666666,52,11.0,43,7.0,8.0,0.5333333333333333,24.0,19.0,10.0,5.0,,,,,,,1.0714285714285714,0.9638554216867472,False,1.0120481927710845,1.0357142857142858,False,0.5644062335084977,41,3.0,0.2,53,2.0,44,5.0,,,,,,,8.0,0.6666666666666666,23.0,15.0,7.0,3.0,-0.3173207688565399
2016-04-23,34,True,Newcastle,2,2,1,55,54,10.0,0.6666666666666666,56,13.0,43,6.0,11.0,0.7333333333333333,28.0,19.0,14.0,4.0,,,,,,,1.0714285714285714,0.9638554216867472,False,0.6746987951807228,1.2857142857142858,False,0.6309941725538089,29,5.0,0.3333333333333333,36,8.0,62,8.0,,,,,,,0.0,0.0,10.0,39.0,4.0,13.0,-1.2125582829497552
2016-05-01,35,False,Swansea,1,3,0,55,55,11.0,0.7333333333333333,58,13.0,45,5.0,,,,,,,9.0,0.75,28.0,24.0,12.0,7.0,1.0602409638554218,1.0,False,0.9642857142857144,1.0602409638554218,False,0.5941188148550373,40,7.0,0.4666666666666667,34,4.0,49,9.0,10.0,0.6666666666666666,16.0,18.0,4.0,2.0,,,,,,,-0.5145867198699032
2016-05-08,36,True,Watford,2,0,3,58,55,10.0,0.6666666666666666,59,13.0,48,7.0,11.0,0.7333333333333333,30.0,21.0,14.0,4.0,,,,,,,1.0714285714285714,0.9638554216867472,False,1.3050075872534144,0.6871165644171778,True,0.4878549422143234,44,7.0,0.4666666666666667,36,6.0,42,10.0,,,,,,,6.0,0.5,18.0,25.0,4.0,9.0,-0.24726894331410945
2016-05-12,37,True,Chelsea,1,1,1,59,58,10.0,0.6666666666666666,61,11.0,48,6.0,11.0,0.7333333333333333,32.0,21.0,13.0,4.0,,,,,,,1.0714285714285714,0.9638554216867472,False,1.783132530120482,0.8214285714285715,False,0.5982727614573298,48,4.0,0.26666666666666666,57,8.0,51,10.0,,,,,,,9.0,0.75,26.0,22.0,12.0,6.0,-0.059169833550724825
2016-05-15,38,False,West Brom,1,1,1,60,59,8.0,0.5333333333333333,62,10.0,49,6.0,,,,,,,9.0,0.75,29.0,27.0,13.0,8.0,1.0602409638554218,1.0,False,0.8571428571428571,1.2530120481927711,False,0.5703282203967345,42,2.0,0.13333333333333333,33,2.0,47,8.0,6.0,0.4,19.0,25.0,4.0,7.0,,,,,,,-0.5505480509032064
