Date,Round,isHome,Rival,Goal,Conceded,Points,CumPoints,bCumPoints,b5MatchPoints,b5MatchPointRatio,bCumGoal,b5MatchGoal,bCumConceded,b5MatchConceded,b5HomeMatchPoints,b5HomeMatchPointRatio,bHomeCumGoal,bHomeCumConceded,b5HomeMatchGoal,b5HomeMatchConceded,b5AwayMatchPoints,b5AwayMatchPointRatio,bAwayCumGoal,bAwayCumConceded,b5AwayMatchGoal,b5AwayMatchConceded,SelfAS,SelfDS,SelfFromCL,RivalAS,RivalDS,RivalFromCL,bStdCumPoints,bRivalCumPoints,bRival5MatchPoints,bRival5MatchPointRatio,bRivalCumGoal,bRival5MatchGoal,bRivalCumConceded,bRival5MatchConceded,bRival5HomeMatchPoints,bRival5HomeMatchPointRatio,bRivalHomeCumGoal,bRivalHomeCumConceded,bRival5HomeMatchGoal,bRival5HomeMatchConceded,bRival5AwayMatchPoints,bRival5AwayMatchPointRatio,bRivalAwayCumGoal,bRivalAwayCumConceded,bRival5AwayMatchGoal,bRival5AwayMatchConceded,bRivalStdCumPoints
2011-08-13,1,False,QPR,4,0,3,3,0,0.0,,0,0.0,0,0.0,,,,,,,0.0,,0.0,0.0,0.0,0.0,0.8071748878923766,1.0372771474878444,False,1.016548463356974,0.4518072289156626,True,,0,0.0,,0,0.0,0,0.0,0.0,,0.0,0.0,0.0,0.0,,,,,,,
2011-08-21,2,True,Man City,2,3,0,3,3,3.0,1.0,4,4.0,0,0.0,0.0,,0.0,0.0,0.0,0.0,,,,,,,1.1021069692058347,1.076233183856502,False,1.1659192825112108,0.6807131280388979,False,1.7737898058195503,3,3.0,1.0,4,4.0,0,0.0,,,,,,,0.0,,0.0,0.0,0.0,0.0,1.7737898058195503
2011-08-28,3,False,Liverpool,1,3,0,3,3,3.0,0.5,6,6.0,3,3.0,,,,,,,3.0,1.0,4.0,0.0,4.0,0.0,0.8071748878923766,1.0372771474878444,False,1.1993517017828201,0.6278026905829596,False,0.17669368205172284,4,4.0,0.6666666666666666,3,3.0,1,1.0,1.0,0.3333333333333333,1.0,1.0,1.0,1.0,,,,,,,0.6815327736280736
2011-09-11,4,True,Man Utd,0,5,0,3,3,3.0,0.3333333333333333,7,7.0,6,6.0,0.0,0.0,2.0,3.0,2.0,3.0,,,,,,,1.1021069692058347,1.076233183856502,False,1.3004484304932735,0.8103727714748785,False,-0.3866262328828527,9,9.0,1.0,13,13.0,3,3.0,,,,,,,3.0,1.0,2.0,1.0,2.0,1.0,1.7222441282963443
2011-09-17,5,True,Norwich,1,2,0,3,3,3.0,0.25,7,7.0,11,11.0,0.0,0.0,2.0,8.0,2.0,8.0,,,,,,,1.1021069692058347,1.076233183856502,False,1.0843373493975903,0.6619385342789598,True,-0.7652920750799249,2,2.0,0.16666666666666666,3,3.0,6,6.0,,,,,,,1.0,0.16666666666666666,2.0,4.0,2.0,4.0,-1.0654066143269545
2011-09-24,6,False,Arsenal,0,3,0,3,3,3.0,0.2,8,8.0,13,13.0,,,,,,,3.0,0.5,5.0,3.0,5.0,3.0,0.8071748878923766,1.0372771474878444,False,1.0696920583468394,0.6726457399103138,False,-1.1735881888242532,4,4.0,0.26666666666666666,6,6.0,14,14.0,3.0,0.5,1.0,2.0,1.0,2.0,,,,,,,-0.8647491917652392
2011-10-02,7,True,Chelsea,1,5,0,3,3,0.0,0.0,8,4.0,16,16.0,0.0,0.0,3.0,10.0,3.0,10.0,,,,,,,1.1021069692058347,1.076233183856502,False,1.3452914798206277,0.6482982171799027,False,-1.3124536599318342,13,12.0,0.8,12,12.0,7,7.0,,,,,,,4.0,0.4444444444444444,3.0,4.0,3.0,4.0,1.2360000486736689
2011-10-15,8,False,Wigan,3,1,3,6,3,0.0,0.0,9,3.0,21,18.0,,,,,,,3.0,0.3333333333333333,5.0,6.0,5.0,6.0,0.8071748878923766,1.0372771474878444,False,0.713128038897893,1.5246636771300448,False,-1.3553436913709858,5,3.0,0.2,5,4.0,11,10.0,4.0,0.4444444444444444,4.0,3.0,4.0,3.0,,,,,,,-0.9383148632568366
2011-10-22,9,True,Sunderland,0,2,0,6,6,3.0,0.2,12,5.0,22,16.0,0.0,0.0,4.0,15.0,4.0,15.0,,,,,,,1.1021069692058347,1.076233183856502,False,0.8968609865470851,0.940032414910859,False,-0.9904165639902636,6,4.0,0.26666666666666666,10,9.0,10,8.0,,,,,,,2.0,0.16666666666666666,3.0,5.0,3.0,5.0,-0.9904165639902636
2011-10-29,10,False,Swansea,1,3,0,6,6,3.0,0.2,12,5.0,24,13.0,,,,,,,6.0,0.5,8.0,7.0,8.0,7.0,0.8071748878923766,1.0372771474878444,False,0.9692671394799054,0.3313253012048193,True,-1.142873087982584,9,7.0,0.4666666666666667,9,9.0,14,9.0,8.0,0.6666666666666666,5.0,0.0,5.0,0.0,,,,,,,-0.6029330464160089
2011-11-06,11,True,Stoke,5,0,3,9,6,3.0,0.2,13,5.0,27,14.0,0.0,0.0,4.0,17.0,4.0,17.0,,,,,,,1.1021069692058347,1.076233183856502,False,0.6726457399103138,0.9724473257698542,False,-1.219182135605084,12,4.0,0.26666666666666666,8,5.0,14,9.0,,,,,,,4.0,0.3333333333333333,3.0,10.0,3.0,10.0,-0.2752991919108255
2011-11-19,12,False,West Brom,1,2,0,9,9,6.0,0.4,18,10.0,27,11.0,,,,,,,6.0,0.5,9.0,10.0,9.0,10.0,0.8071748878923766,1.0372771474878444,False,0.9724473257698542,1.3452914798206277,False,-0.8821280611143559,11,7.0,0.4666666666666667,9,6.0,16,8.0,4.0,0.26666666666666666,3.0,5.0,3.0,5.0,,,,,,,-0.6042924513145588
2011-11-26,13,True,Everton,0,2,0,9,9,6.0,0.4,19,10.0,29,8.0,3.0,0.2,9.0,17.0,7.0,14.0,,,,,,,1.1021069692058347,1.076233183856502,False,0.8968609865470851,0.713128038897893,False,-0.9919649163875828,13,6.0,0.4,13,7.0,16,8.0,,,,,,,6.0,0.5,6.0,8.0,6.0,8.0,-0.3264568415147616
2011-12-03,14,False,Spurs,0,3,0,9,9,3.0,0.2,19,7.0,31,9.0,,,,,,,3.0,0.25,10.0,12.0,6.0,12.0,0.8071748878923766,1.0372771474878444,False,0.9724473257698542,0.8520179372197308,False,-1.0999970764041895,28,15.0,1.0,26,13.0,16,4.0,12.0,0.8,12.0,7.0,12.0,7.0,,,,,,,1.4399490721755237
2011-12-10,15,True,Aston Villa,1,2,0,9,9,3.0,0.2,19,7.0,34,10.0,3.0,0.2,9.0,19.0,7.0,11.0,,,,,,,1.1021069692058347,1.076233183856502,False,0.9865470852017936,1.296596434359805,False,-1.2059666260876367,16,5.0,0.3333333333333333,16,5.0,18,7.0,,,,,,,3.0,0.25,6.0,11.0,4.0,9.0,-0.3783424709294546
2011-12-17,16,False,Fulham,0,2,0,9,9,3.0,0.2,20,7.0,36,9.0,,,,,,,3.0,0.25,10.0,15.0,5.0,12.0,0.8071748878923766,1.0372771474878444,False,0.9724473257698542,1.0313901345291479,False,-1.349323023395191,15,5.0,0.3333333333333333,16,3.0,18,6.0,7.0,0.4666666666666667,12.0,9.0,11.0,8.0,,,,,,,-0.6689920872295483
2011-12-21,17,False,Blackburn,2,1,3,12,9,0.0,0.0,20,2.0,38,11.0,,,,,,,3.0,0.25,10.0,17.0,5.0,11.0,0.8071748878923766,1.0372771474878444,False,0.713128038897893,0.7174887892376679,False,-1.4142533107341486,10,4.0,0.26666666666666666,23,10.0,36,12.0,3.0,0.2,11.0,17.0,6.0,11.0,,,,,,,-1.3075172118108167
2011-12-26,18,True,Newcastle,0,2,0,12,12,3.0,0.2,22,3.0,39,10.0,3.0,0.2,10.0,21.0,7.0,11.0,,,,,,,1.1021069692058347,1.076233183856502,False,0.6726457399103138,0.9724473257698542,False,-1.170896908783848,27,2.0,0.13333333333333333,23,5.0,22,11.0,,,,,,,7.0,0.5833333333333334,11.0,11.0,9.0,10.0,0.3431939215400933
2011-12-31,19,True,Wolves,1,1,1,13,12,3.0,0.2,22,3.0,41,10.0,3.0,0.2,10.0,23.0,6.0,8.0,,,,,,,1.1021069692058347,1.076233183856502,False,0.7174887892376679,1.1669367909238249,False,-1.2415528682425478,16,5.0,0.3333333333333333,20,7.0,33,10.0,,,,,,,1.0,0.08333333333333333,7.0,18.0,4.0,13.0,-0.8520460860488074
2012-01-05,20,False,Everton,2,1,3,16,13,4.0,0.26666666666666666,23,4.0,42,8.0,,,,,,,3.0,0.25,12.0,18.0,4.0,11.0,0.8071748878923766,1.0372771474878444,False,1.004862236628849,1.0313901345291479,False,-1.2799473841226636,24,8.0,0.5333333333333333,19,4.0,20,3.0,7.0,0.4666666666666667,9.0,10.0,4.0,4.0,,,,,,,-0.07303252166132634
2012-01-14,21,False,Man Utd,0,3,0,16,16,7.0,0.4666666666666667,25,5.0,43,7.0,,,,,,,6.0,0.5,14.0,19.0,5.0,9.0,0.8071748878923766,1.0372771474878444,False,1.5883306320907618,0.538116591928251,False,-1.0983228168810903,45,9.0,0.6,49,14.0,20,6.0,10.0,0.6666666666666666,30.0,14.0,13.0,5.0,,,,,,,1.6713608082973117
2012-01-22,22,True,Liverpool,3,1,3,19,16,7.0,0.4666666666666667,25,5.0,46,8.0,4.0,0.26666666666666666,11.0,24.0,7.0,7.0,,,,,,,1.1021069692058347,1.076233183856502,False,0.9865470852017936,0.9724473257698542,False,-1.1617441174830472,35,6.0,0.4,24,4.0,18,5.0,,,,,,,7.0,0.5833333333333334,10.0,10.0,4.0,5.0,0.5560098305463608
2012-02-02,23,True,Arsenal,0,0,1,20,19,7.0,0.4666666666666667,28,6.0,47,8.0,4.0,0.26666666666666666,14.0,25.0,5.0,8.0,,,,,,,1.1021069692058347,1.076233183856502,False,1.748878923766816,0.9076175040518638,False,-1.019021827138354,36,4.0,0.26666666666666666,39,6.0,33,8.0,,,,,,,6.0,0.5,22.0,25.0,9.0,7.0,0.5208333783151587
2012-02-04,24,False,Norwich,0,2,0,20,20,8.0,0.5333333333333333,28,6.0,47,6.0,,,,,,,6.0,0.5,14.0,22.0,4.0,10.0,0.8071748878923766,1.0372771474878444,False,1.1111111111111112,0.9036144578313252,True,-0.9995461040488912,29,8.0,0.5333333333333333,32,5.0,39,6.0,8.0,0.5333333333333333,17.0,15.0,7.0,6.0,,,,,,,-0.22067900998482015
2012-02-11,25,True,Wigan,1,2,0,20,20,7.0,0.4666666666666667,28,5.0,49,7.0,5.0,0.3333333333333333,14.0,25.0,5.0,6.0,,,,,,,1.1021069692058347,1.076233183856502,False,0.8071748878923766,0.8752025931928686,False,-1.0774047924142005,16,1.0,0.06666666666666668,21,4.0,49,12.0,,,,,,,4.0,0.3333333333333333,10.0,27.0,6.0,14.0,-1.4114837978139525
2012-02-25,26,False,Chelsea,0,3,0,20,20,4.0,0.26666666666666666,29,4.0,51,8.0,,,,,,,6.0,0.5,14.0,24.0,4.0,9.0,0.8071748878923766,1.0372771474878444,False,1.2641815235008105,0.5829596412556054,False,-1.1654144515601004,43,6.0,0.4,44,5.0,31,6.0,8.0,0.5333333333333333,27.0,19.0,8.0,8.0,,,,,,,0.6960114085706156
2012-03-03,27,False,Man City,0,2,0,20,20,4.0,0.26666666666666666,29,4.0,54,8.0,,,,,,,6.0,0.5,14.0,27.0,4.0,10.0,0.8071748878923766,1.0372771474878444,False,1.1021069692058347,0.538116591928251,False,-1.21162296839455,63,12.0,0.8,67,10.0,19,3.0,15.0,1.0,40.0,6.0,15.0,2.0,,,,,,,2.106834843131924
2012-03-10,28,True,QPR,2,1,3,23,20,1.0,0.06666666666666668,29,1.0,56,9.0,5.0,0.3333333333333333,15.0,27.0,5.0,6.0,,,,,,,1.1021069692058347,1.076233183856502,False,0.8433734939759036,0.4018912529550827,True,-1.2744622851805685,22,2.0,0.13333333333333333,28,6.0,46,9.0,,,,,,,2.0,0.16666666666666666,14.0,24.0,5.0,8.0,-1.1258369458009103
2012-03-24,29,True,Blackburn,2,1,3,26,23,3.0,0.2,31,3.0,57,10.0,8.0,0.5333333333333333,17.0,28.0,7.0,5.0,,,,,,,1.1021069692058347,1.076233183856502,False,1.076233183856502,1.393841166936791,False,-1.1562151979203228,28,10.0,0.6666666666666666,42,8.0,60,6.0,,,,,,,7.0,0.5833333333333334,20.0,33.0,7.0,13.0,-0.867691983422552
2012-03-31,30,False,Wolves,3,2,3,29,26,6.0,0.4,33,5.0,58,9.0,,,,,,,3.0,0.25,14.0,29.0,2.0,11.0,0.8071748878923766,1.0372771474878444,False,0.9724473257698542,1.3452914798206277,False,-1.0123073139929777,22,1.0,0.06666666666666668,31,3.0,65,16.0,0.0,0.0,17.0,35.0,3.0,18.0,,,,,,,-1.366618167306081
2012-04-07,31,True,Fulham,0,3,0,29,29,9.0,0.6,36,7.0,60,9.0,10.0,0.6666666666666666,19.0,29.0,8.0,5.0,,,,,,,1.1021069692058347,1.076233183856502,False,0.8520179372197308,0.6482982171799027,False,-0.8735085193090414,39,6.0,0.4,39,7.0,42,6.0,,,,,,,3.0,0.25,8.0,19.0,2.0,8.0,-0.25711259088993715
2012-04-09,32,False,Newcastle,0,2,0,29,29,9.0,0.6,36,7.0,63,9.0,,,,,,,3.0,0.25,17.0,31.0,3.0,12.0,0.8071748878923766,1.0372771474878444,False,1.3290113452188006,1.210762331838565,False,-0.9427461665964364,56,12.0,0.8,48,9.0,42,3.0,11.0,0.7333333333333333,24.0,15.0,8.0,4.0,,,,,,,0.7821787705424322
2012-04-21,33,True,Swansea,1,1,1,30,29,9.0,0.6,36,7.0,65,9.0,7.0,0.4666666666666667,19.0,32.0,5.0,7.0,,,,,,,1.1021069692058347,1.076233183856502,False,0.8433734939759036,0.7328605200945626,True,-0.9925125575790528,42,3.0,0.2,38,4.0,44,10.0,,,,,,,6.0,0.5,16.0,30.0,6.0,8.0,-0.3149626355095456
2012-04-25,34,False,Aston Villa,2,1,3,33,30,7.0,0.4666666666666667,37,6.0,66,9.0,,,,,,,3.0,0.25,17.0,33.0,3.0,11.0,0.8071748878923766,1.0372771474878444,False,0.8427876823338736,0.8520179372197308,False,-1.0041607718659211,36,3.0,0.2,35,4.0,48,10.0,5.0,0.3333333333333333,18.0,22.0,4.0,6.0,,,,,,,-0.6967355270362673
2012-04-28,35,False,Sunderland,2,2,1,34,33,7.0,0.4666666666666667,39,6.0,67,9.0,,,,,,,6.0,0.5,19.0,34.0,5.0,10.0,0.8071748878923766,1.0372771474878444,False,0.8103727714748785,1.210762331838565,False,-0.8876219727996282,44,4.0,0.26666666666666666,42,3.0,41,7.0,8.0,0.5333333333333333,24.0,14.0,5.0,3.0,,,,,,,-0.2783841024992084
2012-05-03,36,True,Spurs,1,4,0,34,34,5.0,0.3333333333333333,41,5.0,69,9.0,7.0,0.4666666666666667,20.0,33.0,6.0,8.0,,,,,,,1.1021069692058347,1.076233183856502,False,1.1210762331838564,0.8752025931928686,False,-0.9039663553064176,62,7.0,0.4666666666666667,59,6.0,39,4.0,,,,,,,2.0,0.16666666666666666,22.0,22.0,2.0,7.0,0.8476639525537685
2012-05-06,37,True,West Brom,2,2,1,35,34,5.0,0.3333333333333333,42,6.0,73,10.0,7.0,0.4666666666666667,21.0,37.0,6.0,10.0,,,,,,,1.1021069692058347,1.076233183856502,False,1.1659192825112108,1.3290113452188006,False,-0.9562325219188692,46,10.0,0.6666666666666666,41,5.0,47,4.0,,,,,,,4.0,0.3333333333333333,22.0,28.0,2.0,9.0,-0.22066904351973912
2012-05-13,38,False,Stoke,2,2,1,36,35,6.0,0.4,44,8.0,75,10.0,,,,,,,7.0,0.5833333333333334,21.0,36.0,7.0,9.0,0.8071748878923766,1.0372771474878444,False,1.004862236628849,0.8071748878923766,False,-0.956538699912284,44,3.0,0.2,34,3.0,51,7.0,9.0,0.6,23.0,18.0,6.0,4.0,,,,,,,-0.4151016999619346
