Date,Round,isHome,Rival,Goal,Conceded,Points,CumPoints,bCumPoints,b5MatchPoints,b5MatchPointRatio,bCumGoal,b5MatchGoal,bCumConceded,b5MatchConceded,b5HomeMatchPoints,b5HomeMatchPointRatio,bHomeCumGoal,bHomeCumConceded,b5HomeMatchGoal,b5HomeMatchConceded,b5AwayMatchPoints,b5AwayMatchPointRatio,bAwayCumGoal,bAwayCumConceded,b5AwayMatchGoal,b5AwayMatchConceded,SelfAS,SelfDS,SelfFromCL,RivalAS,RivalDS,RivalFromCL,bStdCumPoints,bRivalCumPoints,bRival5MatchPoints,bRival5MatchPointRatio,bRivalCumGoal,bRival5MatchGoal,bRivalCumConceded,bRival5MatchConceded,bRival5HomeMatchPoints,bRival5HomeMatchPointRatio,bRivalHomeCumGoal,bRivalHomeCumConceded,bRival5HomeMatchGoal,bRival5HomeMatchConceded,bRival5AwayMatchPoints,bRival5AwayMatchPointRatio,bRivalAwayCumGoal,bRivalAwayCumConceded,bRival5AwayMatchGoal,bRival5AwayMatchConceded,bRivalStdCumPoints
2011-08-14,1,False,Stoke,0,0,1,1,0,0.0,,0,0.0,0,0.0,,,,,,,0.0,,0.0,0.0,0.0,0.0,1.3452914798206277,0.6482982171799027,False,1.004862236628849,0.8071748878923766,False,,0,0.0,,0,0.0,0,0.0,0.0,,0.0,0.0,0.0,0.0,,,,,,,
2011-08-21,2,True,West Brom,2,1,3,4,1,1.0,0.3333333333333333,0,0.0,0,0.0,0.0,,0.0,0.0,0.0,0.0,,,,,,,1.2641815235008105,0.5829596412556054,False,1.1659192825112108,1.3290113452188006,False,-0.09335735820102904,0,0.0,0.0,1,1.0,2,2.0,,,,,,,0.0,,0.0,0.0,0.0,0.0,-1.0269309402113187
2011-08-27,3,True,Norwich,3,1,3,7,4,4.0,0.6666666666666666,2,2.0,1,1.0,3.0,1.0,2.0,1.0,2.0,1.0,,,,,,,1.2641815235008105,0.5829596412556054,False,1.0843373493975903,0.6619385342789598,True,0.6815327736280736,2,2.0,0.3333333333333333,2,2.0,2,2.0,,,,,,,1.0,0.3333333333333333,1.0,1.0,1.0,1.0,-0.328145409524628
2011-09-10,4,False,Sunderland,2,1,3,10,7,7.0,0.7777777777777778,5,5.0,2,2.0,,,,,,,1.0,0.3333333333333333,0.0,0.0,0.0,0.0,1.3452914798206277,0.6482982171799027,False,0.8103727714748785,1.210762331838565,False,1.019287341236612,2,2.0,0.2222222222222222,1,1.0,2,2.0,0.0,0.0,0.0,1.0,0.0,1.0,,,,,,,-0.7381046264127189
2011-09-18,5,False,Man Utd,1,3,0,10,10,10.0,0.8333333333333334,7,7.0,3,3.0,,,,,,,4.0,0.6666666666666666,2.0,1.0,2.0,1.0,1.3452914798206277,0.6482982171799027,False,1.5883306320907618,0.538116591928251,False,1.335509699649281,12,12.0,1.0,18,18.0,3,3.0,6.0,1.0,11.0,2.0,11.0,2.0,,,,,,,1.93573877814334
2011-09-24,6,True,Swansea,4,1,3,13,10,10.0,0.6666666666666666,8,8.0,6,6.0,6.0,1.0,5.0,2.0,5.0,2.0,,,,,,,1.2641815235008105,0.5829596412556054,False,0.8433734939759036,0.7328605200945626,True,0.9882847905888448,5,5.0,0.3333333333333333,3,3.0,5,5.0,,,,,,,0.0,0.0,0.0,5.0,0.0,5.0,-0.5559101947062252
2011-10-02,7,False,Bolton,5,1,3,16,13,12.0,0.8,12,12.0,7,7.0,,,,,,,4.0,0.4444444444444444,3.0,4.0,3.0,4.0,1.3452914798206277,0.6482982171799027,False,1.1021069692058347,1.076233183856502,False,1.2360000486736689,3,0.0,0.0,8,4.0,16,16.0,0.0,0.0,3.0,10.0,3.0,10.0,,,,,,,-1.3124536599318342
2011-10-16,8,True,Everton,3,1,3,19,16,12.0,0.8,17,15.0,8,7.0,9.0,1.0,9.0,3.0,9.0,3.0,,,,,,,1.2641815235008105,0.5829596412556054,False,0.8968609865470851,0.713128038897893,False,1.3553436913709858,7,7.0,0.4666666666666667,6,6.0,8,7.0,,,,,,,3.0,0.5,1.0,2.0,1.0,2.0,-0.29307217648963296
2011-10-23,9,False,QPR,0,1,0,19,19,12.0,0.8,20,15.0,9,7.0,,,,,,,7.0,0.5833333333333334,8.0,5.0,8.0,5.0,1.3452914798206277,0.6482982171799027,False,1.016548463356974,0.4518072289156626,True,1.534174677553546,9,6.0,0.4,6,5.0,14,8.0,3.0,0.25,2.0,6.0,2.0,6.0,,,,,,,-0.4078185851724615
2011-10-29,10,True,Arsenal,3,5,0,19,19,9.0,0.6,20,13.0,10,7.0,12.0,1.0,12.0,4.0,12.0,4.0,,,,,,,1.2641815235008105,0.5829596412556054,False,1.748878923766816,0.9076175040518638,False,1.1968670921392417,13,9.0,0.6,15,12.0,18,8.0,,,,,,,1.0,0.08333333333333333,6.0,14.0,6.0,14.0,0.11698700900609135
2011-11-05,11,False,Blackburn,1,0,3,22,19,9.0,0.6,23,15.0,15,9.0,,,,,,,7.0,0.5833333333333334,8.0,6.0,8.0,6.0,1.3452914798206277,0.6482982171799027,False,0.713128038897893,0.7174887892376679,False,0.8258975757324764,6,2.0,0.13333333333333333,13,6.0,23,13.0,3.0,0.2,6.0,12.0,6.0,12.0,,,,,,,-1.219182135605084
2011-11-21,12,True,Liverpool,1,2,0,22,22,9.0,0.6,24,12.0,15,8.0,12.0,0.8,15.0,9.0,15.0,9.0,,,,,,,1.2641815235008105,0.5829596412556054,False,0.9865470852017936,0.9724473257698542,False,0.9238034025843256,19,9.0,0.6,14,6.0,10,2.0,,,,,,,9.0,0.75,6.0,5.0,6.0,5.0,0.5070499878846298
2011-11-26,13,True,Wolves,3,0,3,25,22,6.0,0.4,25,8.0,17,9.0,9.0,0.6,16.0,11.0,14.0,10.0,,,,,,,1.2641815235008105,0.5829596412556054,False,0.7174887892376679,1.1669367909238249,False,0.6719762336819111,11,4.0,0.26666666666666666,13,7.0,20,10.0,,,,,,,1.0,0.08333333333333333,5.0,10.0,3.0,9.0,-0.7359739702230452
2011-12-03,14,False,Newcastle,3,0,3,28,25,6.0,0.4,28,8.0,17,8.0,,,,,,,9.0,0.75,9.0,6.0,9.0,6.0,1.3452914798206277,0.6482982171799027,False,1.3290113452188006,1.210762331838565,False,0.8775257575808706,26,10.0,0.6666666666666666,19,8.0,12,6.0,13.0,0.8666666666666667,10.0,5.0,10.0,5.0,,,,,,,1.0011209347049368
2011-12-13,15,True,Man City,2,1,3,31,28,9.0,0.6,31,11.0,17,7.0,9.0,0.6,19.0,11.0,14.0,9.0,,,,,,,1.2641815235008105,0.5829596412556054,False,1.1659192825112108,0.6807131280388979,False,1.0404417950560003,38,13.0,0.8666666666666667,48,15.0,13,6.0,,,,,,,11.0,0.9166666666666666,24.0,9.0,16.0,6.0,2.222762016710546
2011-12-18,16,False,Wigan,1,1,1,32,31,12.0,0.8,33,10.0,18,3.0,,,,,,,9.0,0.75,12.0,6.0,10.0,5.0,1.3452914798206277,0.6482982171799027,False,0.713128038897893,1.5246636771300448,False,1.1452237425454983,12,7.0,0.4666666666666667,14,8.0,29,12.0,1.0,0.06666666666666668,8.0,15.0,5.0,14.0,,,,,,,-1.0091575553123695
2011-12-23,17,False,Spurs,1,1,1,33,32,10.0,0.6666666666666666,34,10.0,19,4.0,,,,,,,10.0,0.8333333333333334,13.0,7.0,10.0,3.0,1.3452914798206277,0.6482982171799027,False,0.9724473257698542,0.8520179372197308,False,1.0406769645024867,34,12.0,0.8,31,10.0,18,3.0,15.0,1.0,16.0,7.0,11.0,2.0,,,,,,,1.4853892106283195
2011-12-26,18,True,Fulham,1,1,1,34,33,11.0,0.7333333333333333,35,10.0,20,3.0,9.0,0.6,21.0,12.0,12.0,9.0,,,,,,,1.2641815235008105,0.5829596412556054,False,0.8520179372197308,0.6482982171799027,False,0.9488302536696698,18,7.0,0.4666666666666667,18,4.0,23,8.0,,,,,,,5.0,0.4166666666666667,4.0,9.0,3.0,5.0,-0.5652605766542717
2011-12-31,19,True,Aston Villa,1,3,0,34,34,9.0,0.6,36,8.0,21,4.0,7.0,0.4666666666666667,22.0,13.0,10.0,9.0,,,,,,,1.2641815235008105,0.5829596412556054,False,0.9865470852017936,1.296596434359805,False,0.9007344338230248,20,4.0,0.26666666666666666,19,3.0,23,6.0,,,,,,,6.0,0.5,8.0,12.0,4.0,5.0,-0.4625393038550669
2012-01-02,20,False,Wolves,2,1,3,37,34,6.0,0.4,37,6.0,24,7.0,,,,,,,8.0,0.6666666666666666,14.0,8.0,6.0,3.0,1.3452914798206277,0.6482982171799027,False,0.9724473257698542,1.3452914798206277,False,0.7876599286908699,17,3.0,0.2,21,6.0,34,10.0,8.0,0.5333333333333333,13.0,15.0,10.0,8.0,,,,,,,-0.8861174197772286
2012-01-14,21,True,Sunderland,1,0,3,40,37,6.0,0.4,39,6.0,25,7.0,7.0,0.4666666666666667,23.0,16.0,8.0,7.0,,,,,,,1.2641815235008105,0.5829596412556054,False,0.8968609865470851,0.940032414910859,False,0.9073101530756832,24,10.0,0.6666666666666666,27,9.0,23,5.0,,,,,,,6.0,0.5,13.0,12.0,8.0,7.0,-0.3342721616594623
2012-01-21,22,False,Norwich,0,0,1,41,40,8.0,0.5333333333333333,40,6.0,25,6.0,,,,,,,11.0,0.9166666666666666,16.0,9.0,8.0,3.0,1.3452914798206277,0.6482982171799027,False,1.1111111111111112,0.9036144578313252,True,1.0080503431856789,28,8.0,0.5333333333333333,32,7.0,36,7.0,7.0,0.4666666666666667,17.0,15.0,8.0,8.0,,,,,,,-0.07684688714868416
2012-02-01,23,False,Swansea,1,1,1,42,41,8.0,0.5333333333333333,40,5.0,25,5.0,,,,,,,9.0,0.75,16.0,9.0,7.0,3.0,1.3452914798206277,0.6482982171799027,False,0.9692671394799054,0.3313253012048193,True,0.9737319681544272,26,8.0,0.5333333333333333,23,7.0,27,6.0,9.0,0.6,15.0,6.0,7.0,4.0,,,,,,,-0.38496380136337816
2012-02-06,24,True,Man Utd,3,3,1,43,42,8.0,0.5333333333333333,41,5.0,26,5.0,10.0,0.6666666666666666,24.0,16.0,8.0,5.0,,,,,,,1.2641815235008105,0.5829596412556054,False,1.3004484304932735,0.8103727714748785,False,0.9043512369966156,54,9.0,0.6,56,9.0,21,7.0,,,,,,,12.0,1.0,21.0,7.0,10.0,4.0,1.9428406957487103
2012-02-11,25,False,Everton,0,2,0,43,43,9.0,0.6,44,7.0,29,5.0,,,,,,,7.0,0.5833333333333334,17.0,10.0,5.0,4.0,1.3452914798206277,0.6482982171799027,False,1.004862236628849,1.0313901345291479,False,0.8435494886343742,30,6.0,0.4,24,4.0,27,5.0,8.0,0.5333333333333333,12.0,13.0,5.0,4.0,,,,,,,-0.2422072789148201
2012-02-25,26,True,Bolton,3,0,3,46,43,6.0,0.4,44,5.0,31,6.0,8.0,0.5333333333333333,27.0,19.0,8.0,8.0,,,,,,,1.2641815235008105,0.5829596412556054,False,0.8071748878923766,1.0372771474878444,False,0.6960114085706156,20,4.0,0.26666666666666666,29,4.0,51,8.0,,,,,,,6.0,0.5,14.0,24.0,4.0,9.0,-1.1654144515601004
2012-03-03,27,False,West Brom,0,1,0,46,46,6.0,0.4,47,7.0,31,6.0,,,,,,,6.0,0.5,17.0,12.0,4.0,5.0,1.3452914798206277,0.6482982171799027,False,0.9724473257698542,1.3452914798206277,False,0.7948864060168064,32,10.0,0.6666666666666666,33,13.0,35,5.0,4.0,0.26666666666666666,13.0,16.0,6.0,5.0,,,,,,,-0.2855417186662317
2012-03-10,28,True,Stoke,1,0,3,49,46,5.0,0.3333333333333333,47,7.0,32,7.0,8.0,0.5333333333333333,30.0,19.0,9.0,7.0,,,,,,,1.2641815235008105,0.5829596412556054,False,0.6726457399103138,0.9724473257698542,False,0.6576671267549874,36,6.0,0.4,27,4.0,38,5.0,,,,,,,4.0,0.3333333333333333,9.0,24.0,3.0,8.0,-0.08545957014330333
2012-03-22,29,False,Man City,1,2,0,49,49,7.0,0.4666666666666667,48,7.0,32,6.0,,,,,,,5.0,0.4166666666666667,17.0,13.0,3.0,5.0,1.3452914798206277,0.6482982171799027,False,1.1021069692058347,0.538116591928251,False,0.7708101319468816,66,12.0,0.8,69,9.0,20,1.0,15.0,1.0,42.0,6.0,14.0,2.0,,,,,,,2.030788232244669
2012-03-24,30,True,Spurs,0,0,1,50,49,6.0,0.4,49,5.0,34,5.0,10.0,0.6666666666666666,31.0,19.0,9.0,6.0,,,,,,,1.2641815235008105,0.5829596412556054,False,1.1210762331838564,0.8752025931928686,False,0.6507689875669139,54,4.0,0.26666666666666666,53,9.0,35,10.0,,,,,,,2.0,0.16666666666666666,22.0,21.0,5.0,10.0,1.0123073139929777
2012-03-31,31,False,Aston Villa,4,2,3,53,50,7.0,0.4666666666666667,49,5.0,34,3.0,,,,,,,2.0,0.16666666666666666,18.0,15.0,2.0,6.0,1.3452914798206277,0.6482982171799027,False,0.8427876823338736,0.8520179372197308,False,0.6058204246820773,33,5.0,0.3333333333333333,31,2.0,38,5.0,5.0,0.3333333333333333,15.0,17.0,4.0,6.0,,,,,,,-0.5061536569964887
2012-04-07,32,True,Wigan,2,1,3,56,53,7.0,0.4666666666666667,53,6.0,36,5.0,11.0,0.7333333333333333,31.0,19.0,8.0,3.0,,,,,,,1.2641815235008105,0.5829596412556054,False,0.8071748878923766,0.8752025931928686,False,0.7027744150991616,28,8.0,0.5333333333333333,29,6.0,55,5.0,,,,,,,7.0,0.5833333333333334,15.0,30.0,7.0,9.0,-1.0113095241670862
2012-04-10,33,False,Fulham,1,1,1,57,56,10.0,0.6666666666666666,55,8.0,37,5.0,,,,,,,4.0,0.3333333333333333,22.0,17.0,6.0,8.0,1.3452914798206277,0.6482982171799027,False,0.9724473257698542,1.0313901345291479,False,0.7821787705424322,42,6.0,0.4,42,5.0,42,6.0,10.0,0.6666666666666666,31.0,23.0,10.0,6.0,,,,,,,-0.13803154774278226
2012-04-21,34,False,Arsenal,0,0,1,58,57,8.0,0.5333333333333333,56,8.0,38,6.0,,,,,,,4.0,0.3333333333333333,23.0,18.0,6.0,8.0,1.3452914798206277,0.6482982171799027,False,1.0696920583468394,0.6726457399103138,False,0.7450225081585867,64,9.0,0.6,67,9.0,43,4.0,12.0,0.8,36.0,14.0,12.0,5.0,,,,,,,1.084871300088434
2012-04-29,35,True,QPR,6,1,3,61,58,9.0,0.6,56,7.0,38,4.0,11.0,0.7333333333333333,33.0,20.0,9.0,4.0,,,,,,,1.2641815235008105,0.5829596412556054,False,0.8433734939759036,0.4018912529550827,True,0.7030984085617124,34,9.0,0.6,39,6.0,57,4.0,,,,,,,0.0,0.0,16.0,32.0,4.0,11.0,-0.9039663553064176
2012-05-03,36,True,Newcastle,0,2,0,61,61,11.0,0.7333333333333333,62,13.0,39,5.0,13.0,0.8666666666666667,39.0,21.0,12.0,2.0,,,,,,,1.2641815235008105,0.5829596412556054,False,0.6726457399103138,0.9724473257698542,False,0.7851057272730475,62,12.0,0.8,53,9.0,46,4.0,,,,,,,6.0,0.5,24.0,31.0,6.0,12.0,0.8476639525537685
2012-05-09,37,False,Liverpool,1,4,0,61,61,8.0,0.5333333333333333,62,9.0,41,5.0,,,,,,,5.0,0.4166666666666667,23.0,18.0,6.0,6.0,1.3452914798206277,0.6482982171799027,False,1.1993517017828201,0.6278026905829596,False,0.6987853044791735,49,7.0,0.4666666666666667,43,7.0,38,5.0,4.0,0.26666666666666666,20.0,15.0,5.0,5.0,,,,,,,-0.036778173919956594
2012-05-13,38,True,Blackburn,2,1,3,64,61,5.0,0.3333333333333333,63,8.0,45,8.0,10.0,0.6666666666666666,39.0,23.0,9.0,4.0,,,,,,,1.2641815235008105,0.5829596412556054,False,1.076233183856502,1.393841166936791,False,0.6076126332776146,31,3.0,0.2,47,4.0,76,9.0,,,,,,,3.0,0.25,21.0,43.0,3.0,10.0,-1.1971773665568841
