Date,Round,isHome,Rival,Goal,Conceded,Points,CumPoints,bCumPoints,b5MatchPoints,b5MatchPointRatio,bCumGoal,b5MatchGoal,bCumConceded,b5MatchConceded,b5HomeMatchPoints,b5HomeMatchPointRatio,bHomeCumGoal,bHomeCumConceded,b5HomeMatchGoal,b5HomeMatchConceded,b5AwayMatchPoints,b5AwayMatchPointRatio,bAwayCumGoal,bAwayCumConceded,b5AwayMatchGoal,b5AwayMatchConceded,SelfAS,SelfDS,SelfFromCL,RivalAS,RivalDS,RivalFromCL,bStdCumPoints,bRivalCumPoints,bRival5MatchPoints,bRival5MatchPointRatio,bRivalCumGoal,bRival5MatchGoal,bRivalCumConceded,bRival5MatchConceded,bRival5HomeMatchPoints,bRival5HomeMatchPointRatio,bRivalHomeCumGoal,bRivalHomeCumConceded,bRival5HomeMatchGoal,bRival5HomeMatchConceded,bRival5AwayMatchPoints,bRival5AwayMatchPointRatio,bRivalAwayCumGoal,bRivalAwayCumConceded,bRival5AwayMatchGoal,bRival5AwayMatchConceded,bRivalStdCumPoints
2011-08-13,1,False,Wigan,1,1,1,1,0,0.0,,0,0.0,0,0.0,,,,,,,0.0,,0.0,0.0,0.0,0.0,1.0843373493975903,0.6619385342789598,True,0.713128038897893,1.5246636771300448,False,,0,0.0,,0,0.0,0,0.0,0.0,,0.0,0.0,0.0,0.0,,,,,,,
2011-08-21,2,True,Stoke,1,1,1,2,1,1.0,0.3333333333333333,1,1.0,1,1.0,0.0,,0.0,0.0,0.0,0.0,,,,,,,1.1111111111111112,0.9036144578313252,True,0.6726457399103138,0.9724473257698542,False,-0.09335735820102904,1,1.0,0.3333333333333333,0,0.0,0,0.0,,,,,,,0.0,,0.0,0.0,0.0,0.0,-0.09335735820102904
2011-08-27,3,False,Chelsea,1,3,0,2,2,2.0,0.3333333333333333,2,2.0,2,2.0,,,,,,,1.0,0.3333333333333333,1.0,1.0,1.0,1.0,1.0843373493975903,0.6619385342789598,True,1.2641815235008105,0.5829596412556054,False,-0.328145409524628,4,4.0,0.6666666666666666,2,2.0,1,1.0,3.0,1.0,2.0,1.0,2.0,1.0,,,,,,,0.6815327736280736
2011-09-11,4,True,West Brom,0,1,0,2,2,2.0,0.2222222222222222,3,3.0,5,5.0,1.0,0.3333333333333333,1.0,1.0,1.0,1.0,,,,,,,1.1111111111111112,0.9036144578313252,True,1.1659192825112108,1.3290113452188006,False,-0.7381046264127189,0,0.0,0.0,2,2.0,5,5.0,,,,,,,0.0,0.0,1.0,2.0,1.0,2.0,-1.441061413472451
2011-09-17,5,False,Bolton,2,1,3,5,2,2.0,0.16666666666666666,3,3.0,6,6.0,,,,,,,1.0,0.16666666666666666,2.0,4.0,2.0,4.0,1.0843373493975903,0.6619385342789598,True,1.1021069692058347,1.076233183856502,False,-1.0654066143269545,3,3.0,0.25,7,7.0,11,11.0,0.0,0.0,2.0,8.0,2.0,8.0,,,,,,,-0.7652920750799249
2011-09-27,6,True,Sunderland,2,1,3,8,5,5.0,0.3333333333333333,5,5.0,7,7.0,1.0,0.16666666666666666,1.0,2.0,1.0,2.0,,,,,,,1.1111111111111112,0.9036144578313252,True,0.8968609865470851,0.940032414910859,False,-0.5559101947062252,5,5.0,0.3333333333333333,6,6.0,4,4.0,,,,,,,2.0,0.3333333333333333,1.0,1.0,1.0,1.0,-0.5559101947062252
2011-10-01,7,False,Man Utd,0,2,0,8,8,7.0,0.4666666666666667,7,6.0,8,7.0,,,,,,,4.0,0.4444444444444444,4.0,5.0,4.0,5.0,1.0843373493975903,0.6619385342789598,True,1.5883306320907618,0.538116591928251,False,-0.038226805629082636,16,13.0,0.8666666666666667,22,20.0,5,4.0,9.0,1.0,14.0,3.0,14.0,3.0,,,,,,,2.00053616125532
2011-10-15,8,True,Swansea,3,1,3,11,8,6.0,0.4,7,5.0,10,8.0,4.0,0.4444444444444444,3.0,3.0,3.0,3.0,,,,,,,1.1111111111111112,0.9036144578313252,True,0.8433734939759036,0.7328605200945626,True,-0.3127716210856122,8,7.0,0.4666666666666667,6,6.0,9,5.0,,,,,,,0.0,0.0,1.0,9.0,1.0,9.0,-0.3127716210856122
2011-10-23,9,False,Liverpool,1,1,1,12,11,9.0,0.6,10,7.0,11,6.0,,,,,,,4.0,0.3333333333333333,4.0,7.0,4.0,7.0,1.0843373493975903,0.6619385342789598,True,1.1993517017828201,0.6278026905829596,False,-0.019419932627260002,14,7.0,0.4666666666666667,11,5.0,9,7.0,8.0,0.6666666666666666,7.0,4.0,7.0,4.0,,,,,,,0.5631780461905421
2011-10-29,10,True,Blackburn,3,3,1,13,12,10.0,0.6666666666666666,11,8.0,12,6.0,7.0,0.5833333333333334,6.0,4.0,6.0,4.0,,,,,,,1.1111111111111112,0.9036144578313252,True,1.076233183856502,1.393841166936791,False,-0.0629930048494337,5,4.0,0.26666666666666666,10,7.0,20,13.0,,,,,,,2.0,0.16666666666666666,4.0,8.0,4.0,8.0,-1.3228531018381091
2011-11-05,11,False,Aston Villa,2,3,0,13,13,8.0,0.5333333333333333,14,9.0,15,8.0,,,,,,,5.0,0.4166666666666667,5.0,8.0,5.0,8.0,1.0843373493975903,0.6619385342789598,True,0.8427876823338736,0.8520179372197308,False,-0.11798536796178236,12,5.0,0.3333333333333333,13,7.0,13,9.0,8.0,0.5333333333333333,7.0,4.0,7.0,4.0,,,,,,,-0.2752991919108255
2011-11-19,12,True,Arsenal,1,2,0,13,13,5.0,0.3333333333333333,16,9.0,18,10.0,8.0,0.5333333333333333,9.0,7.0,9.0,7.0,,,,,,,1.1111111111111112,0.9036144578313252,True,1.748878923766816,0.9076175040518638,False,-0.3264568415147616,19,12.0,0.8,23,14.0,21,7.0,,,,,,,4.0,0.3333333333333333,11.0,17.0,11.0,17.0,0.5070499878846298
2011-11-26,13,True,QPR,2,1,3,16,13,5.0,0.3333333333333333,17,10.0,20,10.0,7.0,0.4666666666666667,10.0,9.0,9.0,8.0,,,,,,,1.1111111111111112,0.9036144578313252,True,0.8433734939759036,0.4018912529550827,True,-0.4799830240585078,15,7.0,0.4666666666666667,13,8.0,22,9.0,,,,,,,6.0,0.5,8.0,13.0,7.0,13.0,-0.2239920778939703
2011-12-03,14,False,Man City,1,5,0,16,16,5.0,0.3333333333333333,19,9.0,21,10.0,,,,,,,4.0,0.3333333333333333,7.0,11.0,6.0,10.0,1.0843373493975903,0.6619385342789598,True,1.1021069692058347,0.538116591928251,False,-0.2348308365357257,35,13.0,0.8666666666666667,43,16.0,12,6.0,15.0,1.0,19.0,3.0,15.0,3.0,,,,,,,2.1134775288215333
2011-12-10,15,True,Newcastle,4,2,3,19,16,4.0,0.26666666666666666,20,9.0,26,14.0,10.0,0.6666666666666666,12.0,10.0,11.0,8.0,,,,,,,1.1111111111111112,0.9036144578313252,True,0.6726457399103138,0.9724473257698542,False,-0.3783424709294546,26,7.0,0.4666666666666667,19,7.0,15,9.0,,,,,,,8.0,0.6666666666666666,9.0,7.0,8.0,7.0,0.8039777507250914
2011-12-17,16,False,Everton,1,1,1,20,19,6.0,0.4,24,10.0,28,13.0,,,,,,,4.0,0.3333333333333333,8.0,16.0,6.0,12.0,1.0843373493975903,0.6619385342789598,True,1.004862236628849,1.0313901345291479,False,-0.21543812978578664,16,6.0,0.4,15,5.0,18,5.0,6.0,0.4,7.0,9.0,5.0,6.0,,,,,,,-0.3783424709294546
2011-12-21,17,False,Wolves,2,2,1,21,20,7.0,0.4666666666666667,25,9.0,29,11.0,,,,,,,2.0,0.16666666666666666,9.0,17.0,5.0,12.0,1.0843373493975903,0.6619385342789598,True,0.9724473257698542,1.3452914798206277,False,-0.2401562225774969,14,3.0,0.2,17,5.0,30,12.0,7.0,0.4666666666666667,11.0,13.0,9.0,8.0,,,,,,,-0.8805728161174888
2011-12-28,18,True,Spurs,0,2,0,21,21,8.0,0.5333333333333333,27,10.0,31,11.0,10.0,0.6666666666666666,16.0,12.0,13.0,9.0,,,,,,,1.1111111111111112,0.9036144578313252,True,1.1210762331838564,0.8752025931928686,False,-0.2624424105894833,35,10.0,0.6666666666666666,32,9.0,19,4.0,,,,,,,10.0,0.8333333333333334,15.0,11.0,11.0,7.0,1.3608852612724829
2011-12-31,19,True,Fulham,1,1,1,22,21,5.0,0.3333333333333333,27,8.0,33,12.0,7.0,0.4666666666666667,16.0,14.0,10.0,10.0,,,,,,,1.1111111111111112,0.9036144578313252,True,0.8520179372197308,0.6482982171799027,False,-0.3651626083066317,19,7.0,0.4666666666666667,19,4.0,24,8.0,,,,,,,6.0,0.5,5.0,10.0,4.0,4.0,-0.559915999403502
2012-01-02,20,False,QPR,2,1,3,25,22,6.0,0.4,28,8.0,34,8.0,,,,,,,3.0,0.25,11.0,19.0,7.0,12.0,1.0843373493975903,0.6619385342789598,True,1.016548463356974,0.4518072289156626,True,-0.3938299643454349,17,1.0,0.06666666666666668,18,3.0,33,8.0,4.0,0.26666666666666666,8.0,15.0,6.0,9.0,,,,,,,-0.8861174197772286
2012-01-14,21,False,West Brom,2,1,3,28,25,6.0,0.4,30,6.0,35,7.0,,,,,,,5.0,0.4166666666666667,13.0,20.0,8.0,12.0,1.0843373493975903,0.6619385342789598,True,0.9724473257698542,1.3452914798206277,False,-0.2387658297567588,22,7.0,0.4666666666666667,19,5.0,28,5.0,4.0,0.26666666666666666,7.0,12.0,4.0,7.0,,,,,,,-0.5252848254648693
2012-01-21,22,True,Chelsea,0,0,1,29,28,8.0,0.5333333333333333,32,7.0,36,7.0,7.0,0.4666666666666667,17.0,15.0,8.0,8.0,,,,,,,1.1111111111111112,0.9036144578313252,True,1.3452914798206277,0.6482982171799027,False,-0.07684688714868416,40,8.0,0.5333333333333333,40,6.0,25,6.0,,,,,,,11.0,0.9166666666666666,16.0,9.0,8.0,3.0,1.0080503431856789
2012-02-02,23,False,Sunderland,0,3,0,29,29,8.0,0.5333333333333333,32,5.0,36,5.0,,,,,,,8.0,0.6666666666666666,15.0,21.0,8.0,10.0,1.0843373493975903,0.6619385342789598,True,0.8103727714748785,1.210762331838565,False,-0.11322464745981713,27,10.0,0.6666666666666666,29,8.0,24,3.0,10.0,0.6666666666666666,16.0,11.0,7.0,4.0,,,,,,,-0.2943840833955245
2012-02-04,24,True,Bolton,2,0,3,32,29,8.0,0.5333333333333333,32,5.0,39,6.0,8.0,0.5333333333333333,17.0,15.0,7.0,6.0,,,,,,,1.1111111111111112,0.9036144578313252,True,0.8071748878923766,1.0372771474878444,False,-0.22067900998482015,20,8.0,0.5333333333333333,28,6.0,47,6.0,,,,,,,6.0,0.5,14.0,22.0,4.0,10.0,-0.9995461040488912
2012-02-11,25,False,Swansea,3,2,3,35,32,10.0,0.6666666666666666,34,6.0,39,5.0,,,,,,,8.0,0.6666666666666666,15.0,24.0,7.0,8.0,1.0843373493975903,0.6619385342789598,True,0.9692671394799054,0.3313253012048193,True,-0.0751677762149441,30,10.0,0.6666666666666666,26,8.0,29,6.0,9.0,0.6,16.0,7.0,8.0,5.0,,,,,,,-0.2422072789148201
2012-02-26,26,True,Man Utd,1,2,0,35,35,10.0,0.6666666666666666,37,7.0,41,6.0,8.0,0.5333333333333333,19.0,15.0,7.0,5.0,,,,,,,1.1111111111111112,0.9036144578313252,True,1.3004484304932735,0.8103727714748785,False,0.04855893548167097,58,13.0,0.8666666666666667,61,12.0,25,5.0,,,,,,,10.0,0.8333333333333334,24.0,10.0,12.0,7.0,1.909984795612387
2012-03-03,27,False,Stoke,0,1,0,35,35,7.0,0.4666666666666667,38,6.0,43,7.0,,,,,,,10.0,0.8333333333333334,18.0,26.0,9.0,9.0,1.0843373493975903,0.6619385342789598,True,1.004862236628849,0.8071748878923766,False,-0.054021406234152115,33,3.0,0.2,26,4.0,38,7.0,5.0,0.3333333333333333,17.0,14.0,5.0,5.0,,,,,,,-0.20836828118887185
2012-03-12,28,True,Wigan,1,1,1,36,35,6.0,0.4,38,6.0,44,8.0,5.0,0.3333333333333333,20.0,17.0,4.0,5.0,,,,,,,1.1111111111111112,0.9036144578313252,True,0.8071748878923766,0.8752025931928686,False,-0.1597722398331324,20,5.0,0.3333333333333333,23,4.0,52,7.0,,,,,,,4.0,0.3333333333333333,12.0,28.0,6.0,14.0,-1.2744622851805685
2012-03-19,29,False,Newcastle,0,1,0,36,36,7.0,0.4666666666666667,39,7.0,45,6.0,,,,,,,9.0,0.75,18.0,27.0,7.0,8.0,1.0843373493975903,0.6619385342789598,True,1.3290113452188006,1.210762331838565,False,-0.19270253298672052,44,5.0,0.3333333333333333,40,6.0,41,11.0,11.0,0.7333333333333333,21.0,15.0,9.0,4.0,,,,,,,0.4002283377416501
2012-03-24,30,True,Wolves,2,1,3,39,36,4.0,0.26666666666666666,39,5.0,46,7.0,6.0,0.4,21.0,18.0,5.0,4.0,,,,,,,1.1111111111111112,0.9036144578313252,True,0.7174887892376679,1.1669367909238249,False,-0.28923066114085066,22,1.0,0.06666666666666668,30,3.0,63,19.0,,,,,,,6.0,0.5,13.0,28.0,6.0,10.0,-1.3015379751338279
2012-03-31,31,False,Fulham,1,2,0,39,39,4.0,0.26666666666666666,41,4.0,47,6.0,,,,,,,6.0,0.5,18.0,28.0,5.0,8.0,1.0843373493975903,0.6619385342789598,True,0.9724473257698542,1.0313901345291479,False,-0.16906616502755634,36,6.0,0.4,37,6.0,41,5.0,10.0,0.6666666666666666,29.0,22.0,13.0,7.0,,,,,,,-0.38039887131200173
2012-04-07,32,True,Everton,2,2,1,40,39,4.0,0.26666666666666666,42,4.0,49,6.0,8.0,0.5333333333333333,23.0,19.0,6.0,4.0,,,,,,,1.1111111111111112,0.9036144578313252,True,0.8968609865470851,0.713128038897893,False,-0.25711259088993715,43,9.0,0.6,32,5.0,32,4.0,,,,,,,6.0,0.5,15.0,18.0,5.0,6.0,0.017140839392662473
2012-04-09,33,False,Spurs,2,1,3,43,40,5.0,0.3333333333333333,44,6.0,51,7.0,,,,,,,3.0,0.25,19.0,30.0,4.0,9.0,1.0843373493975903,0.6619385342789598,True,0.9724473257698542,0.8520179372197308,False,-0.26949016464067005,59,6.0,0.4,56,4.0,36,3.0,10.0,0.6666666666666666,34.0,15.0,13.0,6.0,,,,,,,0.9793666958892638
2012-04-14,34,True,Man City,1,6,0,43,43,7.0,0.4666666666666667,46,7.0,52,7.0,8.0,0.5333333333333333,25.0,21.0,8.0,6.0,,,,,,,1.1111111111111112,0.9036144578313252,True,1.1659192825112108,0.6807131280388979,False,-0.16196141481708407,74,8.0,0.5333333333333333,79,10.0,26,6.0,,,,,,,4.0,0.3333333333333333,28.0,16.0,2.0,4.0,1.8463601289147584
2012-04-21,35,False,Blackburn,0,2,0,43,43,7.0,0.4666666666666667,47,8.0,58,12.0,,,,,,,6.0,0.5,21.0,31.0,6.0,7.0,1.0843373493975903,0.6619385342789598,True,0.713128038897893,0.7174887892376679,False,-0.251333820255092,28,0.0,0.0,45,3.0,73,13.0,7.0,0.4666666666666667,24.0,32.0,8.0,8.0,,,,,,,-1.2057660490718962
2012-04-29,36,True,Liverpool,0,3,0,43,43,4.0,0.26666666666666666,47,6.0,60,13.0,5.0,0.3333333333333333,26.0,27.0,7.0,12.0,,,,,,,1.1111111111111112,0.9036144578313252,True,0.9865470852017936,0.9724473257698542,False,-0.3409423277799293,46,4.0,0.26666666666666666,40,5.0,37,8.0,,,,,,,3.0,0.25,20.0,23.0,6.0,10.0,-0.060447374491731126
2012-05-05,37,False,Arsenal,3,3,1,44,43,4.0,0.26666666666666666,47,5.0,63,14.0,,,,,,,3.0,0.25,21.0,33.0,3.0,7.0,1.0843373493975903,0.6619385342789598,True,1.0696920583468394,0.6726457399103138,False,-0.4045599131195216,66,8.0,0.5333333333333333,68,6.0,44,3.0,10.0,0.6666666666666666,36.0,14.0,7.0,3.0,,,,,,,1.0052700871454776
2012-05-13,38,True,Aston Villa,2,0,3,47,44,4.0,0.26666666666666666,50,6.0,66,15.0,5.0,0.3333333333333333,26.0,30.0,6.0,13.0,,,,,,,1.1111111111111112,0.9036144578313252,True,0.9865470852017936,1.296596434359805,False,-0.4151016999619346,38,3.0,0.2,37,2.0,51,7.0,,,,,,,3.0,0.25,17.0,26.0,2.0,9.0,-0.7760596999288343
