Date,Round,isHome,Rival,Goal,Conceded,Points,CumPoints,bCumPoints,b5MatchPoints,b5MatchPointRatio,bCumGoal,b5MatchGoal,bCumConceded,b5MatchConceded,b5HomeMatchPoints,b5HomeMatchPointRatio,bHomeCumGoal,bHomeCumConceded,b5HomeMatchGoal,b5HomeMatchConceded,b5AwayMatchPoints,b5AwayMatchPointRatio,bAwayCumGoal,bAwayCumConceded,b5AwayMatchGoal,b5AwayMatchConceded,SelfAS,SelfDS,SelfFromCL,RivalAS,RivalDS,RivalFromCL,bStdCumPoints,bRivalCumPoints,bRival5MatchPoints,bRival5MatchPointRatio,bRivalCumGoal,bRival5MatchGoal,bRivalCumConceded,bRival5MatchConceded,bRival5HomeMatchPoints,bRival5HomeMatchPointRatio,bRivalHomeCumGoal,bRivalHomeCumConceded,bRival5HomeMatchGoal,bRival5HomeMatchConceded,bRival5AwayMatchPoints,bRival5AwayMatchPointRatio,bRivalAwayCumGoal,bRivalAwayCumConceded,bRival5AwayMatchGoal,bRival5AwayMatchConceded,bRivalStdCumPoints
2014-08-16,1,True,Hull,0,1,0,0,0,0.0,,0,0.0,0,0.0,0.0,,0.0,0.0,0.0,0.0,,,,,,,0.9583858764186632,0.5616224648985959,True,0.7929515418502202,1.0702341137123743,False,,0,0.0,,0,0.0,0,0.0,,,,,,,0.0,,0.0,0.0,0.0,0.0,
2014-08-24,2,False,Spurs,0,4,0,0,0,0.0,0.0,0,0.0,1,1.0,,,,,,,0.0,,0.0,0.0,0.0,0.0,0.6864274570982839,0.6557377049180327,True,1.0033444816053512,1.0132158590308369,False,-1.0059604971066856,3,3.0,1.0,1,1.0,0,0.0,0.0,,0.0,0.0,0.0,0.0,,,,,,,1.1496691395504979
2014-08-30,3,True,Sunderland,1,0,3,3,0,0.0,0.0,0,0.0,5,5.0,0.0,0.0,0.0,1.0,0.0,1.0,,,,,,,0.9583858764186632,0.5616224648985959,True,0.8810572687224669,1.1036789297658862,False,-1.2416212542922824,2,2.0,0.3333333333333333,3,3.0,3,3.0,,,,,,,1.0,0.3333333333333333,2.0,2.0,2.0,2.0,-0.30454860954339
2014-09-14,4,False,Man Utd,0,4,0,3,3,3.0,0.3333333333333333,1,1.0,5,5.0,,,,,,,0.0,0.0,0.0,4.0,0.0,4.0,0.6864274570982839,0.6557377049180327,True,0.9698996655518396,0.9251101321585904,False,-0.40471360670018974,2,2.0,0.2222222222222222,2,2.0,3,3.0,0.0,0.0,1.0,2.0,1.0,2.0,,,,,,,-0.8094272134003795
2014-09-20,5,True,Stoke,2,2,1,4,3,3.0,0.25,1,1.0,9,9.0,3.0,0.5,1.0,1.0,1.0,1.0,,,,,,,0.9583858764186632,0.5616224648985959,True,0.7929515418502202,1.1705685618729096,False,-0.8235321051453478,4,4.0,0.3333333333333333,2,2.0,3,3.0,,,,,,,4.0,0.6666666666666666,2.0,1.0,2.0,1.0,-0.4654746681256313
2014-09-27,6,False,Southampton,1,2,0,4,4,4.0,0.26666666666666666,3,3.0,11,11.0,,,,,,,0.0,0.0,0.0,8.0,0.0,8.0,0.6864274570982839,0.6557377049180327,True,1.0702341137123743,1.0132158590308369,False,-0.9834473421077484,10,10.0,0.6666666666666666,9,9.0,3,3.0,4.0,0.6666666666666666,4.0,0.0,4.0,0.0,,,,,,,1.2860465242947483
2014-10-05,7,False,West Ham,0,2,0,4,4,4.0,0.26666666666666666,4,4.0,13,12.0,,,,,,,0.0,0.0,1.0,10.0,1.0,10.0,0.6864274570982839,0.6557377049180327,True,0.8361204013377928,1.145374449339207,False,-1.2331396902898497,7,7.0,0.4666666666666667,10,10.0,10,9.0,3.0,0.3333333333333333,4.0,5.0,4.0,5.0,,,,,,,-0.29657790019629304
2014-10-19,8,True,Liverpool,2,3,0,4,4,4.0,0.26666666666666666,4,4.0,15,10.0,4.0,0.4444444444444444,3.0,3.0,3.0,3.0,,,,,,,0.9583858764186632,0.5616224648985959,True,2.1145374449339207,1.0702341137123743,False,-1.4973728109533968,10,7.0,0.4666666666666667,10,7.0,10,6.0,,,,,,,3.0,0.3333333333333333,5.0,6.0,5.0,6.0,0.1819237994616278
2014-10-28,9,True,Aston Villa,2,0,3,7,4,1.0,0.06666666666666668,6,5.0,18,13.0,4.0,0.3333333333333333,5.0,6.0,5.0,6.0,,,,,,,0.9583858764186632,0.5616224648985959,True,0.748898678414097,1.0702341137123743,False,-1.6057301524267735,10,3.0,0.2,4,1.0,12,11.0,,,,,,,6.0,0.5,2.0,6.0,2.0,6.0,-0.1784144613807526
2014-11-01,10,False,Chelsea,1,2,0,7,7,4.0,0.26666666666666666,8,7.0,18,9.0,,,,,,,0.0,0.0,1.0,12.0,1.0,12.0,0.6864274570982839,0.6557377049180327,True,1.4381270903010033,0.4845814977973569,False,-1.168725972163685,23,11.0,0.7333333333333333,24,9.0,9,3.0,12.0,1.0,11.0,2.0,11.0,2.0,,,,,,,2.4978653130557187
2014-11-09,11,True,Man City,2,2,1,8,7,3.0,0.2,9,6.0,20,9.0,7.0,0.4666666666666667,7.0,6.0,7.0,6.0,,,,,,,0.9583858764186632,0.5616224648985959,True,1.7180616740088108,0.8026755852842808,False,-1.2683522518881492,20,12.0,0.8,20,12.0,10,5.0,,,,,,,10.0,0.8333333333333334,11.0,6.0,11.0,6.0,1.2683522518881492
2014-11-22,12,False,Newcastle,0,1,0,8,8,4.0,0.26666666666666666,11,7.0,22,9.0,,,,,,,0.0,0.0,2.0,14.0,2.0,14.0,0.6864274570982839,0.6557377049180327,True,0.7692307692307693,1.2334801762114538,False,-1.2307665657257958,16,13.0,0.8666666666666667,13,8.0,15,3.0,8.0,0.5333333333333333,7.0,7.0,7.0,7.0,,,,,,,0.2066250438809731
2014-11-29,13,True,Leicester,3,2,3,11,8,4.0,0.26666666666666666,11,7.0,23,8.0,8.0,0.5333333333333333,9.0,8.0,9.0,7.0,,,,,,,0.9583858764186632,0.5616224648985959,True,1.154446177847114,0.5296343001261035,True,-1.3958169954352049,10,1.0,0.06666666666666668,11,0.0,18,6.0,,,,,,,3.0,0.25,1.0,9.0,1.0,7.0,-1.0574371177539432
2014-12-03,14,False,Swansea,0,2,0,11,11,7.0,0.4666666666666667,14,8.0,25,7.0,,,,,,,0.0,0.0,2.0,15.0,2.0,11.0,0.6864274570982839,0.6557377049180327,True,1.1036789297658862,1.145374449339207,False,-1.076040119659038,19,8.0,0.5333333333333333,17,6.0,14,4.0,8.0,0.5333333333333333,11.0,5.0,7.0,5.0,,,,,,,0.22825093447312905
2014-12-06,15,True,Burnley,2,0,3,14,11,4.0,0.26666666666666666,14,6.0,27,9.0,8.0,0.5333333333333333,12.0,10.0,11.0,9.0,,,,,,,0.9583858764186632,0.5616224648985959,True,1.0920436817472698,0.5800756620428751,True,-1.1534364980021279,12,8.0,0.5333333333333333,10,5.0,22,6.0,,,,,,,5.0,0.4166666666666667,4.0,11.0,4.0,10.0,-1.009256935751862
2014-12-16,16,False,Everton,1,3,0,14,14,7.0,0.4666666666666667,16,7.0,27,7.0,,,,,,,0.0,0.0,2.0,17.0,2.0,9.0,0.6864274570982839,0.6557377049180327,True,1.2709030100334449,0.8370044052863437,False,-0.8977657701451367,18,5.0,0.3333333333333333,24,5.0,23,6.0,8.0,0.5333333333333333,13.0,13.0,8.0,5.0,,,,,,,-0.3322440251718224
2014-12-20,17,True,West Brom,3,2,3,17,14,6.0,0.4,17,6.0,30,8.0,10.0,0.6666666666666666,14.0,10.0,11.0,7.0,,,,,,,0.9583858764186632,0.5616224648985959,True,0.8370044052863437,1.0702341137123743,False,-1.015897821363028,17,4.0,0.26666666666666666,15,2.0,20,5.0,,,,,,,7.0,0.5833333333333334,3.0,7.0,3.0,4.0,-0.6226470518031463
2014-12-27,18,False,Arsenal,1,2,0,17,17,9.0,0.6,20,9.0,32,9.0,,,,,,,0.0,0.0,3.0,20.0,2.0,10.0,0.6864274570982839,0.6557377049180327,True,1.2040133779264213,0.4845814977973569,False,-0.7299924855483293,27,10.0,0.6666666666666666,30,10.0,21,6.0,10.0,0.6666666666666666,16.0,9.0,11.0,5.0,,,,,,,0.4569871657497674
2014-12-28,19,True,Crystal Palace,0,0,1,18,17,6.0,0.4,21,7.0,34,9.0,13.0,0.8666666666666667,17.0,12.0,12.0,6.0,,,,,,,0.9583858764186632,0.5616224648985959,True,0.6607929515418502,0.8361204013377928,False,-0.8197818289866418,15,2.0,0.13333333333333333,20,2.0,30,8.0,,,,,,,3.0,0.25,10.0,16.0,3.0,7.0,-1.034103875780535
2015-01-01,20,True,Swansea,1,1,1,19,18,7.0,0.4666666666666667,21,7.0,34,7.0,11.0,0.7333333333333333,17.0,12.0,10.0,6.0,,,,,,,0.9583858764186632,0.5616224648985959,True,0.9251101321585904,0.9364548494983276,False,-0.8488195286959058,28,6.0,0.4,24,5.0,23,9.0,,,,,,,4.0,0.3333333333333333,9.0,16.0,4.0,9.0,0.22563557091916506
2015-01-10,21,False,Burnley,1,2,0,19,19,5.0,0.3333333333333333,22,6.0,35,8.0,,,,,,,0.0,0.0,4.0,22.0,3.0,10.0,0.6864274570982839,0.6557377049180327,True,0.9331651954602774,0.4368174726989079,True,-0.8538649033256729,17,5.0,0.3333333333333333,17,7.0,32,8.0,8.0,0.5333333333333333,7.0,12.0,4.0,3.0,,,,,,,-1.0646957436529996
2015-01-17,22,True,Man Utd,0,2,0,19,19,5.0,0.3333333333333333,23,6.0,37,7.0,11.0,0.7333333333333333,18.0,13.0,9.0,5.0,,,,,,,0.9583858764186632,0.5616224648985959,True,1.5418502202643172,0.7357859531772576,False,-0.9912944852297886,37,6.0,0.4,34,5.0,21,4.0,,,,,,,9.0,0.75,12.0,13.0,6.0,4.0,0.8869476973108635
2015-01-31,23,False,Stoke,1,3,0,19,19,2.0,0.13333333333333333,23,3.0,39,7.0,,,,,,,0.0,0.0,5.0,24.0,3.0,10.0,0.6864274570982839,0.6557377049180327,True,0.903010033444816,0.748898678414097,False,-1.0529076715606458,29,10.0,0.6666666666666666,23,5.0,27,4.0,7.0,0.4666666666666667,12.0,12.0,7.0,7.0,,,,,,,-0.09134815415366326
2015-02-07,24,True,Southampton,0,1,0,19,19,2.0,0.13333333333333333,24,3.0,42,8.0,8.0,0.5333333333333333,18.0,15.0,6.0,5.0,,,,,,,0.9583858764186632,0.5616224648985959,True,0.9691629955947136,0.7692307692307693,False,-1.1428386213500197,42,10.0,0.6666666666666666,37,6.0,17,3.0,,,,,,,9.0,0.75,13.0,9.0,6.0,4.0,0.9769426924443716
2015-02-11,25,False,Sunderland,2,0,3,22,19,1.0,0.06666666666666668,24,3.0,43,9.0,,,,,,,0.0,0.0,6.0,27.0,4.0,12.0,0.6864274570982839,0.6557377049180327,True,0.7023411371237459,1.1894273127753303,False,-1.2008970164520525,24,4.0,0.26666666666666666,22,6.0,34,7.0,4.0,0.26666666666666666,12.0,16.0,5.0,9.0,,,,,,,-0.7593907604035037
2015-02-21,26,False,Hull,1,2,0,22,22,3.0,0.2,26,4.0,43,8.0,,,,,,,3.0,0.25,8.0,27.0,6.0,10.0,0.6864274570982839,0.6557377049180327,True,0.6688963210702341,0.9251101321585904,False,-1.0107709699515457,23,4.0,0.26666666666666666,23,3.0,34,8.0,6.0,0.4,12.0,15.0,4.0,5.0,,,,,,,-0.926540055788917
2015-03-05,27,True,Arsenal,1,2,0,22,22,3.0,0.2,27,4.0,45,8.0,5.0,0.3333333333333333,18.0,16.0,4.0,6.0,,,,,,,0.9583858764186632,0.5616224648985959,True,1.4096916299559472,1.0033444816053512,False,-1.091275858378042,51,12.0,0.8,51,12.0,29,4.0,,,,,,,9.0,0.75,21.0,18.0,7.0,6.0,1.0998346565669792
2015-03-07,28,True,Spurs,1,2,0,22,22,3.0,0.2,28,5.0,47,8.0,2.0,0.13333333333333333,19.0,18.0,2.0,6.0,,,,,,,0.9583858764186632,0.5616224648985959,True,1.1013215859030838,0.9364548494983276,False,-1.146306543464175,47,10.0,0.6666666666666666,44,12.0,38,8.0,,,,,,,9.0,0.75,19.0,19.0,10.0,7.0,0.7900220772523372
2015-03-14,29,False,Crystal Palace,1,3,0,22,22,3.0,0.2,29,5.0,49,7.0,,,,,,,3.0,0.25,9.0,29.0,6.0,9.0,0.6864274570982839,0.6557377049180327,True,0.6020066889632106,1.0132158590308369,False,-1.1842947291111874,30,7.0,0.4666666666666667,31,6.0,39,5.0,4.0,0.26666666666666666,14.0,19.0,5.0,8.0,,,,,,,-0.5994578258464036
2015-03-23,30,True,Everton,1,2,0,22,22,3.0,0.2,30,6.0,52,9.0,1.0,0.06666666666666668,20.0,20.0,3.0,8.0,,,,,,,0.9583858764186632,0.5616224648985959,True,1.0132158590308369,0.6688963210702341,False,-1.2691689235751211,31,4.0,0.26666666666666666,36,5.0,41,7.0,,,,,,,3.0,0.25,14.0,23.0,1.0,7.0,-0.6220006339334162
2015-04-04,31,False,West Brom,4,1,3,25,22,0.0,0.0,31,5.0,54,11.0,,,,,,,3.0,0.25,10.0,32.0,6.0,10.0,0.6864274570982839,0.6557377049180327,True,0.8026755852842808,1.1894273127753303,False,-1.3134867445883318,33,7.0,0.4666666666666667,27,3.0,39,5.0,12.0,0.8,18.0,19.0,5.0,3.0,,,,,,,-0.5648673564809923
2015-04-08,32,False,Aston Villa,3,3,1,26,25,3.0,0.2,35,8.0,55,10.0,,,,,,,6.0,0.5,14.0,33.0,9.0,9.0,0.6864274570982839,0.6557377049180327,True,0.7357859531772576,1.2775330396475773,False,-1.2030897276196246,28,6.0,0.4,20,7.0,42,6.0,3.0,0.2,11.0,19.0,4.0,8.0,,,,,,,-0.9997506187261668
2015-04-12,33,True,Chelsea,0,1,0,26,26,4.0,0.26666666666666666,38,10.0,58,11.0,0.0,0.0,21.0,22.0,3.0,9.0,,,,,,,0.9583858764186632,0.5616224648985959,True,1.2334801762114538,0.5351170568561873,False,-1.1743139479120943,70,11.0,0.7333333333333333,63,8.0,26,5.0,,,,,,,12.0,1.0,33.0,19.0,14.0,8.0,1.9532160398800589
2015-04-25,34,True,West Ham,0,0,1,27,26,4.0,0.26666666666666666,38,9.0,59,10.0,0.0,0.0,21.0,23.0,3.0,8.0,,,,,,,0.9583858764186632,0.5616224648985959,True,0.6607929515418502,0.8361204013377928,False,-1.2783540579547028,43,4.0,0.26666666666666666,42,3.0,42,8.0,,,,,,,2.0,0.16666666666666666,19.0,26.0,3.0,9.0,-0.16389154589162858
2015-05-02,35,False,Liverpool,1,2,0,27,27,5.0,0.3333333333333333,38,8.0,59,7.0,,,,,,,7.0,0.5833333333333334,17.0,36.0,11.0,9.0,0.6864274570982839,0.6557377049180327,True,1.7725752508361203,0.7929515418502202,False,-1.2665996096438656,58,4.0,0.26666666666666666,47,4.0,37,7.0,12.0,0.8,27.0,16.0,10.0,5.0,,,,,,,0.7114652719158236
2015-05-10,36,False,Man City,0,6,0,27,27,5.0,0.3333333333333333,39,8.0,61,7.0,,,,,,,4.0,0.3333333333333333,18.0,38.0,10.0,11.0,0.6864274570982839,0.6557377049180327,True,2.1070234113712374,0.5726872246696035,False,-1.3375432851768876,70,9.0,0.6,71,9.0,36,8.0,15.0,1.0,36.0,14.0,15.0,2.0,,,,,,,1.3753982838139691
2015-05-16,37,True,Newcastle,2,1,3,30,27,2.0,0.13333333333333333,39,4.0,67,12.0,1.0,0.06666666666666668,21.0,23.0,3.0,7.0,,,,,,,0.9583858764186632,0.5616224648985959,True,0.8810572687224669,1.0367892976588629,False,-1.413895120344017,36,1.0,0.06666666666666668,37,4.0,61,12.0,,,,,,,0.0,0.0,13.0,34.0,0.0,14.0,-0.8495910811823252
2015-05-24,38,False,Leicester,1,5,0,30,30,4.0,0.26666666666666666,41,3.0,68,10.0,,,,,,,4.0,0.3333333333333333,18.0,44.0,9.0,15.0,0.6864274570982839,0.6557377049180327,True,1.1601513240857502,0.6864274570982839,True,-1.3114098068662705,38,10.0,0.6666666666666666,41,7.0,54,3.0,12.0,0.8,23.0,21.0,10.0,4.0,,,,,,,-0.8094347611758319
