Date,Round,isHome,Rival,Goal,Conceded,Points,CumPoints,bCumPoints,b5MatchPoints,b5MatchPointRatio,bCumGoal,b5MatchGoal,bCumConceded,b5MatchConceded,b5HomeMatchPoints,b5HomeMatchPointRatio,bHomeCumGoal,bHomeCumConceded,b5HomeMatchGoal,b5HomeMatchConceded,b5AwayMatchPoints,b5AwayMatchPointRatio,bAwayCumGoal,bAwayCumConceded,b5AwayMatchGoal,b5AwayMatchConceded,SelfAS,SelfDS,SelfFromCL,RivalAS,RivalDS,RivalFromCL,bStdCumPoints,bRivalCumPoints,bRival5MatchPoints,bRival5MatchPointRatio,bRivalCumGoal,bRival5MatchGoal,bRivalCumConceded,bRival5MatchConceded,bRival5HomeMatchPoints,bRival5HomeMatchPointRatio,bRivalHomeCumGoal,bRivalHomeCumConceded,bRival5HomeMatchGoal,bRival5HomeMatchConceded,bRival5AwayMatchPoints,bRival5AwayMatchPointRatio,bRivalAwayCumGoal,bRivalAwayCumConceded,bRival5AwayMatchGoal,bRival5AwayMatchConceded,bRivalStdCumPoints
2014-08-16,1,False,Man Utd,2,1,3,3,0,0.0,,0,0.0,0,0.0,,,,,,,0.0,,0.0,0.0,0.0,0.0,0.9251101321585904,0.9364548494983276,False,0.9698996655518396,0.9251101321585904,False,,0,0.0,,0,0.0,0,0.0,0.0,,0.0,0.0,0.0,0.0,,,,,,,
2014-08-23,2,True,Burnley,1,0,3,6,3,3.0,1.0,2,2.0,1,1.0,0.0,,0.0,0.0,0.0,0.0,,,,,,,1.1036789297658862,1.145374449339207,False,1.0920436817472698,0.5800756620428751,True,1.1496691395504979,0,0.0,0.0,1,1.0,3,3.0,,,,,,,0.0,,0.0,0.0,0.0,0.0,-1.0059604971066856
2014-08-30,3,True,West Brom,3,0,3,9,6,6.0,1.0,3,3.0,1,1.0,3.0,1.0,1.0,0.0,1.0,0.0,,,,,,,1.1036789297658862,1.145374449339207,False,0.8370044052863437,1.0702341137123743,False,1.569596679954395,2,2.0,0.3333333333333333,2,2.0,2,2.0,,,,,,,1.0,0.3333333333333333,0.0,0.0,0.0,0.0,-0.30454860954339
2014-09-13,4,False,Chelsea,2,4,0,9,9,9.0,1.0,6,6.0,1,1.0,,,,,,,3.0,1.0,2.0,1.0,2.0,1.0,0.9251101321585904,0.9364548494983276,False,1.4381270903010033,0.4845814977973569,False,2.0235680335009487,9,9.0,1.0,11,11.0,4,4.0,3.0,1.0,2.0,0.0,2.0,0.0,,,,,,,2.0235680335009487
2014-09-20,5,True,Southampton,0,1,0,9,9,9.0,0.75,8,8.0,5,5.0,6.0,1.0,4.0,0.0,4.0,0.0,,,,,,,1.1036789297658862,1.145374449339207,False,0.9691629955947136,0.7692307692307693,False,1.324812516972951,7,7.0,0.5833333333333334,8,8.0,3,3.0,,,,,,,3.0,0.5,4.0,3.0,4.0,3.0,0.6086976429335179
2014-09-27,6,False,Sunderland,0,0,1,10,9,9.0,0.6,8,8.0,6,6.0,,,,,,,3.0,0.5,4.0,5.0,4.0,5.0,0.9251101321585904,0.9364548494983276,False,0.7023411371237459,1.1894273127753303,False,0.9077975465609988,4,4.0,0.26666666666666666,5,5.0,6,6.0,2.0,0.3333333333333333,3.0,3.0,3.0,3.0,,,,,,,-0.9834473421077484
2014-10-04,7,True,Newcastle,2,2,1,11,10,7.0,0.4666666666666667,8,6.0,6,5.0,6.0,0.6666666666666666,4.0,1.0,4.0,1.0,,,,,,,1.1036789297658862,1.145374449339207,False,0.8810572687224669,1.0367892976588629,False,0.6399838898972636,3,3.0,0.2,5,5.0,12,10.0,,,,,,,1.0,0.1111111111111111,0.0,5.0,0.0,5.0,-1.5453269536543686
2014-10-19,8,False,Stoke,1,2,0,11,11,5.0,0.3333333333333333,10,7.0,8,7.0,,,,,,,4.0,0.4444444444444444,4.0,5.0,4.0,5.0,0.9251101321585904,0.9364548494983276,False,0.903010033444816,0.748898678414097,False,0.4618065678641319,8,7.0,0.4666666666666667,6,5.0,8,6.0,3.0,0.3333333333333333,1.0,2.0,1.0,2.0,,,,,,,-0.3778417373433805
2014-10-26,9,True,Leicester,2,0,3,14,11,2.0,0.13333333333333333,11,5.0,10,9.0,7.0,0.5833333333333334,6.0,3.0,6.0,3.0,,,,,,,1.1036789297658862,1.145374449339207,False,1.154446177847114,0.5296343001261035,True,0.059471487126917535,9,7.0,0.4666666666666667,11,8.0,13,8.0,,,,,,,3.0,0.25,1.0,5.0,1.0,5.0,-0.4163004098884228
2014-11-01,10,False,Everton,0,0,1,15,14,5.0,0.3333333333333333,13,5.0,10,5.0,,,,,,,4.0,0.3333333333333333,5.0,7.0,5.0,7.0,0.9251101321585904,0.9364548494983276,False,1.2709030100334449,0.8370044052863437,False,0.43540771511980425,12,7.0,0.4666666666666667,19,10.0,17,7.0,4.0,0.3333333333333333,10.0,11.0,10.0,11.0,,,,,,,-0.02291619553262119
2014-11-10,11,True,Arsenal,2,1,3,18,15,6.0,0.4,13,5.0,10,4.0,10.0,0.6666666666666666,8.0,3.0,8.0,3.0,,,,,,,1.1036789297658862,1.145374449339207,False,1.4096916299559472,1.0033444816053512,False,0.29269667351264983,17,8.0,0.5333333333333333,18,8.0,11,5.0,,,,,,,8.0,0.6666666666666666,8.0,5.0,8.0,5.0,0.6829589048628496
2014-11-22,12,False,Man City,1,2,0,18,18,8.0,0.5333333333333333,15,7.0,11,5.0,,,,,,,5.0,0.4166666666666667,5.0,7.0,5.0,7.0,0.9251101321585904,0.9364548494983276,False,2.1070234113712374,0.5726872246696035,False,0.5659729462826654,21,10.0,0.6666666666666666,22,10.0,12,5.0,10.0,0.6666666666666666,9.0,4.0,9.0,4.0,,,,,,,1.1049947998852037
2014-11-29,13,True,Crystal Palace,1,1,1,19,18,7.0,0.4666666666666667,16,6.0,13,5.0,10.0,0.6666666666666666,10.0,4.0,9.0,4.0,,,,,,,1.1036789297658862,1.145374449339207,False,0.6607929515418502,0.8361204013377928,False,0.2960823929711041,12,4.0,0.26666666666666666,17,7.0,21,9.0,,,,,,,5.0,0.4166666666666667,9.0,12.0,8.0,10.0,-0.7190572400726813
2014-12-03,14,True,QPR,2,0,3,22,19,8.0,0.5333333333333333,17,6.0,14,4.0,8.0,0.5333333333333333,11.0,5.0,7.0,5.0,,,,,,,1.1036789297658862,1.145374449339207,False,0.6864274570982839,0.6557377049180327,True,0.22825093447312905,11,7.0,0.4666666666666667,14,8.0,25,7.0,,,,,,,0.0,0.0,2.0,15.0,2.0,11.0,-1.076040119659038
2014-12-07,15,False,West Ham,1,3,0,22,22,8.0,0.5333333333333333,19,6.0,14,4.0,,,,,,,2.0,0.16666666666666666,6.0,9.0,4.0,8.0,0.9251101321585904,0.9364548494983276,False,0.8361204013377928,1.145374449339207,False,0.4325386867507981,24,8.0,0.5333333333333333,23,6.0,17,5.0,13.0,0.8666666666666667,9.0,6.0,8.0,2.0,,,,,,,0.7208978112513301
2014-12-15,16,True,Spurs,1,2,0,22,22,7.0,0.4666666666666667,20,7.0,17,7.0,11.0,0.7333333333333333,13.0,5.0,9.0,4.0,,,,,,,1.1036789297658862,1.145374449339207,False,1.1013215859030838,0.9364548494983276,False,0.233277719801492,21,7.0,0.4666666666666667,18,5.0,21,7.0,,,,,,,7.0,0.5833333333333334,9.0,12.0,6.0,10.0,0.0918972835581634
2014-12-20,17,False,Hull,1,0,3,25,22,4.0,0.26666666666666666,21,6.0,19,8.0,,,,,,,2.0,0.16666666666666666,7.0,12.0,3.0,7.0,0.9251101321585904,0.9364548494983276,False,0.6688963210702341,0.9251101321585904,False,0.03277089746332349,13,2.0,0.13333333333333333,15,2.0,23,8.0,4.0,0.26666666666666666,8.0,10.0,5.0,7.0,,,,,,,-1.146981411216322
2014-12-26,18,True,Aston Villa,1,0,3,28,25,7.0,0.4666666666666667,22,6.0,19,6.0,10.0,0.6666666666666666,14.0,7.0,8.0,4.0,,,,,,,1.1036789297658862,1.145374449339207,False,0.748898678414097,1.0702341137123743,False,0.21959123549014808,20,8.0,0.5333333333333333,11,5.0,21,4.0,,,,,,,5.0,0.4166666666666667,4.0,10.0,2.0,4.0,-0.37389859015890026
2014-12-30,19,False,Liverpool,1,4,0,28,28,9.0,0.6,23,6.0,19,5.0,,,,,,,4.0,0.3333333333333333,8.0,12.0,4.0,7.0,0.9251101321585904,0.9364548494983276,False,1.7725752508361203,0.7929515418502202,False,0.35898942837977144,25,8.0,0.5333333333333333,22,6.0,24,6.0,6.0,0.4,9.0,8.0,4.0,4.0,,,,,,,0.03750635818893148
2015-01-01,20,False,QPR,1,1,1,29,28,6.0,0.4,24,5.0,23,9.0,,,,,,,4.0,0.3333333333333333,9.0,16.0,4.0,9.0,0.9251101321585904,0.9364548494983276,False,0.9583858764186632,0.5616224648985959,True,0.22563557091916506,18,7.0,0.4666666666666667,21,7.0,34,7.0,11.0,0.7333333333333333,17.0,12.0,10.0,6.0,,,,,,,-0.8488195286959058
2015-01-10,21,True,West Ham,1,1,1,30,29,7.0,0.4666666666666667,25,5.0,24,7.0,10.0,0.6666666666666666,15.0,7.0,7.0,4.0,,,,,,,1.1036789297658862,1.145374449339207,False,0.6607929515418502,0.8361204013377928,False,0.20028929831096007,32,5.0,0.3333333333333333,31,5.0,24,6.0,,,,,,,5.0,0.4166666666666667,15.0,14.0,6.0,8.0,0.51653555880195
2015-01-17,22,True,Chelsea,0,5,0,30,30,8.0,0.5333333333333333,26,5.0,25,6.0,8.0,0.5333333333333333,16.0,8.0,6.0,4.0,,,,,,,1.1036789297658862,1.145374449339207,False,1.2334801762114538,0.5351170568561873,False,0.15652018187838768,49,10.0,0.6666666666666666,46,10.0,19,6.0,,,,,,,5.0,0.4166666666666667,22.0,16.0,7.0,8.0,2.1391091523379653
2015-02-02,23,False,Southampton,1,0,3,33,30,5.0,0.3333333333333333,26,4.0,30,11.0,,,,,,,4.0,0.3333333333333333,10.0,17.0,5.0,10.0,0.9251101321585904,0.9364548494983276,False,1.0702341137123743,1.0132158590308369,False,0.004807797587034981,42,13.0,0.8666666666666667,37,9.0,16,3.0,7.0,0.4666666666666667,24.0,7.0,7.0,6.0,,,,,,,1.158679218475414
2015-02-07,24,True,Sunderland,1,1,1,34,33,5.0,0.3333333333333333,27,4.0,30,11.0,7.0,0.4666666666666667,16.0,13.0,5.0,8.0,,,,,,,1.1036789297658862,1.145374449339207,False,0.8810572687224669,1.1036789297658862,False,0.14746304791613168,23,4.0,0.26666666666666666,21,5.0,33,6.0,,,,,,,5.0,0.4166666666666667,9.0,17.0,4.0,5.0,-0.7741810015596905
2015-02-12,25,False,West Brom,0,2,0,34,34,6.0,0.4,28,4.0,31,8.0,,,,,,,7.0,0.5833333333333334,11.0,17.0,5.0,8.0,0.9251101321585904,0.9364548494983276,False,0.8026755852842808,1.1894273127753303,False,0.12362175169359348,23,6.0,0.4,22,4.0,34,6.0,6.0,0.4,14.0,19.0,4.0,8.0,,,,,,,-0.8476920116132135
2015-02-21,26,True,Man Utd,2,1,3,37,34,5.0,0.3333333333333333,28,3.0,33,9.0,5.0,0.3333333333333333,17.0,14.0,4.0,9.0,,,,,,,1.1036789297658862,1.145374449339207,False,1.5418502202643172,0.7357859531772576,False,0.0,47,10.0,0.6666666666666666,43,9.0,24,4.0,,,,,,,7.0,0.5833333333333334,15.0,14.0,5.0,3.0,1.0950018841141744
2015-02-28,27,False,Burnley,1,0,3,40,37,7.0,0.4666666666666667,30,4.0,34,9.0,,,,,,,7.0,0.5833333333333334,11.0,19.0,4.0,7.0,0.9251101321585904,0.9364548494983276,False,0.9331651954602774,0.4368174726989079,True,0.13948638791298307,22,2.0,0.13333333333333333,25,6.0,44,11.0,7.0,0.4666666666666667,13.0,18.0,7.0,7.0,,,,,,,-1.091275858378042
2015-03-05,28,False,Spurs,2,3,0,40,40,10.0,0.6666666666666666,31,5.0,34,4.0,,,,,,,7.0,0.5833333333333334,12.0,19.0,4.0,7.0,0.9251101321585904,0.9364548494983276,False,1.0033444816053512,1.0132158590308369,False,0.2478500634517138,44,10.0,0.6666666666666666,41,11.0,36,7.0,11.0,0.7333333333333333,22.0,17.0,11.0,7.0,,,,,,,0.7138421028487947
2015-03-17,29,True,Liverpool,0,1,0,40,40,7.0,0.4666666666666667,33,6.0,37,7.0,8.0,0.5333333333333333,19.0,15.0,5.0,8.0,,,,,,,1.1036789297658862,1.145374449339207,False,2.1145374449339207,1.0702341137123743,False,0.13158830323457615,51,13.0,0.8666666666666667,42,9.0,30,3.0,,,,,,,13.0,1.0833333333333333,18.0,16.0,6.0,0.0,0.9357390452236538
2015-03-21,30,False,Aston Villa,1,0,3,43,40,6.0,0.4,33,5.0,38,7.0,,,,,,,7.0,0.5833333333333334,14.0,22.0,5.0,6.0,0.9251101321585904,0.9364548494983276,False,0.7357859531772576,1.2775330396475773,False,0.025167655708288626,28,6.0,0.4,19,7.0,38,6.0,4.0,0.26666666666666666,11.0,18.0,4.0,7.0,,,,,,,-0.8377233971473178
2015-04-04,31,True,Hull,3,1,3,46,43,9.0,0.6,34,6.0,38,5.0,5.0,0.3333333333333333,19.0,16.0,4.0,9.0,,,,,,,1.1036789297658862,1.145374449339207,False,0.7929515418502202,1.0702341137123743,False,0.11569572361658904,28,5.0,0.3333333333333333,28,5.0,40,6.0,,,,,,,2.0,0.16666666666666666,11.0,20.0,1.0,6.0,-0.905148896529783
2015-04-11,32,True,Everton,1,1,1,47,46,9.0,0.6,37,7.0,39,5.0,7.0,0.4666666666666667,22.0,17.0,6.0,9.0,,,,,,,1.1036789297658862,1.145374449339207,False,1.0132158590308369,0.6688963210702341,False,0.2202840346345792,37,9.0,0.6,39,6.0,42,5.0,,,,,,,6.0,0.5,16.0,24.0,3.0,6.0,-0.3897332920457939
2015-04-18,33,False,Leicester,0,2,0,47,47,7.0,0.4666666666666667,38,7.0,40,6.0,,,,,,,9.0,0.75,15.0,22.0,5.0,5.0,0.9251101321585904,0.9364548494983276,False,1.1601513240857502,0.6864274570982839,True,0.1881497485605012,25,7.0,0.4666666666666667,32,8.0,51,9.0,7.0,0.4666666666666667,15.0,18.0,3.0,3.0,,,,,,,-1.2030897276196246
2015-04-25,34,False,Newcastle,3,2,3,50,47,7.0,0.4666666666666667,38,5.0,42,5.0,,,,,,,6.0,0.5,15.0,24.0,4.0,7.0,0.9251101321585904,0.9364548494983276,False,0.7692307692307693,1.2334801762114538,False,0.09833492753497716,35,0.0,0.0,34,2.0,54,11.0,4.0,0.26666666666666666,21.0,23.0,4.0,7.0,,,,,,,-0.6883444927448399
2015-05-02,35,True,Stoke,2,0,3,53,50,10.0,0.6666666666666666,41,8.0,44,6.0,8.0,0.5333333333333333,23.0,18.0,7.0,5.0,,,,,,,1.1036789297658862,1.145374449339207,False,0.7929515418502202,1.1705685618729096,False,0.20099691538429093,47,5.0,0.3333333333333333,39,6.0,42,7.0,,,,,,,5.0,0.4166666666666667,16.0,21.0,5.0,6.0,0.009571281684966149
2015-05-12,36,False,Arsenal,1,0,3,56,53,10.0,0.6666666666666666,43,9.0,44,6.0,,,,,,,9.0,0.75,18.0,26.0,7.0,7.0,0.9251101321585904,0.9364548494983276,False,1.2040133779264213,0.4845814977973569,False,0.3028399890966536,70,13.0,0.8666666666666667,66,10.0,33,3.0,13.0,0.8666666666666667,37.0,12.0,11.0,2.0,,,,,,,1.4771678067131229
2015-05-17,37,True,Man City,2,4,0,56,56,10.0,0.6666666666666666,44,7.0,44,5.0,10.0,0.6666666666666666,25.0,18.0,8.0,4.0,,,,,,,1.1036789297658862,1.145374449339207,False,1.7180616740088108,0.8026755852842808,False,0.4044178947325462,73,12.0,0.8,77,14.0,36,6.0,,,,,,,3.0,0.25,35.0,22.0,5.0,9.0,1.470325524260187
2015-05-24,38,False,Crystal Palace,0,1,0,56,56,9.0,0.6,46,8.0,48,8.0,,,,,,,9.0,0.75,19.0,26.0,7.0,7.0,0.9251101321585904,0.9364548494983276,False,0.6020066889632106,1.0132158590308369,False,0.32000909162765456,45,3.0,0.2,46,4.0,51,8.0,6.0,0.4,20.0,27.0,6.0,8.0,,,,,,,-0.3702065961966983
