Date,Round,isHome,Rival,Goal,Conceded,Points,CumPoints,bCumPoints,b5MatchPoints,b5MatchPointRatio,bCumGoal,b5MatchGoal,bCumConceded,b5MatchConceded,b5HomeMatchPoints,b5HomeMatchPointRatio,bHomeCumGoal,bHomeCumConceded,b5HomeMatchGoal,b5HomeMatchConceded,b5AwayMatchPoints,b5AwayMatchPointRatio,bAwayCumGoal,bAwayCumConceded,b5AwayMatchGoal,b5AwayMatchConceded,SelfAS,SelfDS,SelfFromCL,RivalAS,RivalDS,RivalFromCL,bStdCumPoints,bRivalCumPoints,bRival5MatchPoints,bRival5MatchPointRatio,bRivalCumGoal,bRival5MatchGoal,bRivalCumConceded,bRival5MatchConceded,bRival5HomeMatchPoints,bRival5HomeMatchPointRatio,bRivalHomeCumGoal,bRivalHomeCumConceded,bRival5HomeMatchGoal,bRival5HomeMatchConceded,bRival5AwayMatchPoints,bRival5AwayMatchPointRatio,bRivalAwayCumGoal,bRivalAwayCumConceded,bRival5AwayMatchGoal,bRival5AwayMatchConceded,bRivalStdCumPoints
2012-08-19,1,False,Man City,2,3,0,0,0,0.0,,0,0.0,0,0.0,,,,,,,0.0,,0.0,0.0,0.0,0.0,1.1232449297971918,0.7197943444730077,True,1.8211920529801324,0.5194805194805194,False,,0,0.0,,0,0.0,0,0.0,0.0,,0.0,0.0,0.0,0.0,,,,,,,
2012-08-25,2,True,Wigan,0,2,0,0,0,0.0,0.0,2,2.0,3,3.0,0.0,,0.0,0.0,0.0,0.0,,,,,,,1.2596401028277635,0.5616224648985959,True,0.8658008658008658,1.1589403973509933,False,-1.0059604971066856,0,0.0,0.0,0,0.0,2,2.0,,,,,,,0.0,,0.0,0.0,0.0,0.0,-1.0059604971066856
2012-09-02,3,True,Man Utd,2,3,0,0,0,0.0,0.0,2,2.0,5,5.0,0.0,0.0,0.0,2.0,0.0,2.0,,,,,,,1.2596401028277635,0.5616224648985959,True,1.6017316017316017,0.4635761589403973,False,-1.386634231157577,3,3.0,0.5,3,3.0,3,3.0,,,,,,,0.0,0.0,0.0,1.0,0.0,1.0,0.2133283432550118
2012-09-15,4,False,Arsenal,1,6,0,0,0,0.0,0.0,4,4.0,8,8.0,,,,,,,0.0,0.0,2.0,3.0,2.0,3.0,1.1232449297971918,0.7197943444730077,True,1.2913907284768211,0.7359307359307359,False,-1.5037511780988908,5,5.0,0.5555555555555556,2,2.0,0,0.0,1.0,0.3333333333333333,0.0,0.0,0.0,0.0,,,,,,,0.424134947668918
2012-09-22,5,True,Aston Villa,4,1,3,3,0,0.0,0.0,5,5.0,14,14.0,0.0,0.0,2.0,5.0,2.0,5.0,,,,,,,1.2596401028277635,0.5616224648985959,True,0.7359307359307359,0.9271523178807948,False,-1.8801842861385056,4,4.0,0.3333333333333333,4,4.0,5,5.0,,,,,,,1.0,0.16666666666666666,1.0,2.0,1.0,2.0,-0.4198469765163655
2012-09-29,6,False,Everton,1,3,0,3,3,3.0,0.2,9,9.0,15,15.0,,,,,,,0.0,0.0,3.0,9.0,3.0,9.0,1.1232449297971918,0.7197943444730077,True,0.9271523178807948,0.6493506493506493,False,-1.072339303891359,10,10.0,0.6666666666666666,9,9.0,5,5.0,4.0,0.6666666666666666,3.0,2.0,3.0,2.0,,,,,,,0.9564107304976982
2012-10-07,7,True,Fulham,2,2,1,4,3,3.0,0.2,10,8.0,18,15.0,3.0,0.3333333333333333,6.0,6.0,6.0,6.0,,,,,,,1.2596401028277635,0.5616224648985959,True,0.5194805194805194,0.8278145695364238,False,-1.2479084357934422,9,6.0,0.4,13,8.0,9,9.0,,,,,,,3.0,0.3333333333333333,4.0,7.0,4.0,7.0,0.2647078500167907
2012-10-20,8,False,West Ham,1,4,0,4,4,4.0,0.26666666666666666,12,10.0,20,15.0,,,,,,,0.0,0.0,4.0,12.0,4.0,12.0,1.1232449297971918,0.7197943444730077,True,1.0539845758354756,0.8112324492979719,True,-1.0790722344493593,11,8.0,0.5333333333333333,8,7.0,8,5.0,7.0,0.5833333333333334,6.0,4.0,6.0,4.0,,,,,,,0.3596907448164531
2012-10-28,9,True,Spurs,1,2,0,4,4,4.0,0.26666666666666666,13,9.0,24,16.0,4.0,0.3333333333333333,8.0,8.0,8.0,8.0,,,,,,,1.2596401028277635,0.5616224648985959,True,1.1688311688311688,0.7947019867549668,False,-1.2542145843250871,14,12.0,0.8,15,12.0,12,8.0,,,,,,,6.0,0.6666666666666666,7.0,5.0,7.0,5.0,0.6177474818317595
2012-11-06,10,False,West Brom,0,2,0,4,4,4.0,0.26666666666666666,14,9.0,26,12.0,,,,,,,0.0,0.0,5.0,16.0,5.0,16.0,1.1232449297971918,0.7197943444730077,True,0.6953642384105961,0.9523809523809524,False,-1.3928878352288077,14,7.0,0.4666666666666667,13,7.0,11,7.0,12.0,0.8,10.0,4.0,10.0,4.0,,,,,,,0.35917233487032163
2012-11-10,11,True,Swansea,1,1,1,5,4,1.0,0.06666666666666668,14,5.0,28,13.0,4.0,0.26666666666666666,9.0,10.0,9.0,10.0,,,,,,,1.2596401028277635,0.5616224648985959,True,0.7359307359307359,1.0927152317880795,False,-1.586157264770972,12,5.0,0.3333333333333333,15,5.0,14,7.0,,,,,,,3.0,0.25,5.0,5.0,5.0,5.0,-0.20689007801360493
2012-11-17,12,False,QPR,3,1,3,8,5,2.0,0.13333333333333333,15,5.0,29,11.0,,,,,,,0.0,0.0,5.0,18.0,5.0,18.0,1.1232449297971918,0.7197943444730077,True,0.7947019867549668,1.0822510822510822,False,-1.5562694247118631,4,2.0,0.13333333333333333,8,4.0,20,7.0,3.0,0.2,3.0,9.0,3.0,9.0,,,,,,,-1.7158868016053876
2012-11-25,13,True,Newcastle,2,0,3,11,8,4.0,0.26666666666666666,18,6.0,30,10.0,5.0,0.3333333333333333,10.0,11.0,10.0,9.0,,,,,,,1.2596401028277635,0.5616224648985959,True,1.1688311688311688,1.1258278145695364,False,-1.234724092446979,14,5.0,0.3333333333333333,13,5.0,17,6.0,,,,,,,4.0,0.3333333333333333,6.0,8.0,6.0,8.0,-0.2969589589429443
2012-11-29,14,True,Norwich,1,1,1,12,11,7.0,0.4666666666666667,20,7.0,30,6.0,8.0,0.5333333333333333,12.0,11.0,10.0,6.0,,,,,,,1.2596401028277635,0.5616224648985959,True,1.0389610389610389,1.1920529801324502,False,-0.9323768019057878,15,9.0,0.6,10,4.0,19,2.0,,,,,,,3.0,0.25,4.0,13.0,3.0,7.0,-0.33565564868608355
2012-12-01,15,False,Liverpool,0,1,0,12,12,8.0,0.5333333333333333,21,7.0,31,5.0,,,,,,,3.0,0.25,8.0,19.0,6.0,16.0,1.1232449297971918,0.7197943444730077,True,0.7947019867549668,0.6926406926406926,False,-0.9064479586495964,16,6.0,0.4,18,6.0,18,4.0,8.0,0.5333333333333333,8.0,7.0,6.0,3.0,,,,,,,-0.3486338302498448
2012-12-08,16,True,Reading,1,0,3,15,12,8.0,0.5333333333333333,21,7.0,32,4.0,6.0,0.4,13.0,12.0,7.0,6.0,,,,,,,1.2596401028277635,0.5616224648985959,True,1.029641185647426,0.5912596401028278,True,-1.04696075650472,9,4.0,0.26666666666666666,19,7.0,27,9.0,,,,,,,2.0,0.16666666666666666,7.0,13.0,5.0,8.0,-1.3248085549494102
2012-12-22,17,True,Sunderland,0,1,0,15,15,10.0,0.6666666666666666,22,7.0,32,3.0,8.0,0.5333333333333333,14.0,12.0,6.0,4.0,,,,,,,1.2596401028277635,0.5616224648985959,True,0.8225108225108225,0.9602649006622516,False,-0.8427498583679177,16,4.0,0.26666666666666666,18,6.0,24,8.0,,,,,,,4.0,0.3333333333333333,9.0,14.0,6.0,8.0,-0.8241560362392766
2012-12-26,18,False,Fulham,1,1,1,16,15,7.0,0.4666666666666667,22,4.0,33,3.0,,,,,,,3.0,0.25,8.0,20.0,5.0,11.0,1.1232449297971918,0.7197943444730077,True,1.1920529801324502,1.1255411255411256,False,-0.9444707860552292,20,4.0,0.26666666666666666,28,3.0,33,10.0,7.0,0.4666666666666667,15.0,11.0,6.0,9.0,,,,,,,-0.4819928980966762
2012-12-29,19,False,Stoke,3,3,1,17,16,5.0,0.3333333333333333,23,3.0,34,4.0,,,,,,,4.0,0.3333333333333333,9.0,21.0,5.0,9.0,1.1232449297971918,0.7197943444730077,True,0.8278145695364238,0.8658008658008658,False,-0.9303583846982354,28,9.0,0.6,18,5.0,14,2.0,13.0,0.8666666666666667,11.0,4.0,8.0,3.0,,,,,,,0.2377466102396908
2013-01-02,20,True,Arsenal,1,1,1,18,17,5.0,0.3333333333333333,26,5.0,37,6.0,8.0,0.5333333333333333,14.0,13.0,5.0,3.0,,,,,,,1.2596401028277635,0.5616224648985959,True,1.5151515151515151,1.0596026490066224,False,-0.8993023952544821,33,12.0,0.8,39,15.0,21,7.0,,,,,,,8.0,0.6666666666666666,14.0,8.0,8.0,5.0,0.7545870672824966
2013-01-12,21,False,Aston Villa,1,0,3,21,18,6.0,0.4,27,6.0,38,6.0,,,,,,,5.0,0.4166666666666667,12.0,24.0,7.0,8.0,1.1232449297971918,0.7197943444730077,True,0.662251655629139,1.0822510822510822,False,-0.9095713118228296,19,4.0,0.26666666666666666,17,5.0,41,18.0,5.0,0.3333333333333333,8.0,15.0,1.0,7.0,,,,,,,-0.9047079197441198
2013-01-17,22,False,Chelsea,2,2,1,22,21,6.0,0.4,28,6.0,38,6.0,,,,,,,8.0,0.6666666666666666,13.0,24.0,8.0,6.0,1.1232449297971918,0.7197943444730077,True,1.3576158940397351,1.0389610389610389,False,-0.7142430945348314,41,12.0,0.8,43,15.0,19,2.0,6.0,0.4,22.0,8.0,9.0,2.0,,,,,,,1.1904051575580523
2013-01-22,23,True,Everton,0,0,1,23,22,7.0,0.4666666666666667,30,8.0,40,7.0,8.0,0.5333333333333333,15.0,14.0,5.0,3.0,,,,,,,1.2596401028277635,0.5616224648985959,True,0.9523809523809524,0.8278145695364238,False,-0.7140937152896235,37,10.0,0.6666666666666666,35,7.0,26,5.0,,,,,,,8.0,0.6666666666666666,18.0,14.0,7.0,6.0,0.6860900401802268
2013-01-31,24,False,Man Utd,1,2,0,23,23,7.0,0.4666666666666667,30,7.0,40,6.0,,,,,,,6.0,0.5,15.0,26.0,7.0,7.0,1.1232449297971918,0.7197943444730077,True,1.7218543046357615,0.8225108225108225,False,-0.7243037974268808,56,13.0,0.8666666666666667,57,13.0,30,5.0,15.0,1.0,30.0,14.0,12.0,5.0,,,,,,,2.2448918938882825
2013-02-02,25,False,Wigan,2,2,1,24,23,6.0,0.4,31,5.0,42,5.0,,,,,,,6.0,0.5,16.0,28.0,8.0,8.0,1.1232449297971918,0.7197943444730077,True,0.7284768211920529,1.1688311688311688,False,-0.8113197275886566,20,5.0,0.3333333333333333,27,8.0,45,10.0,1.0,0.06666666666666668,15.0,25.0,4.0,12.0,,,,,,,-1.0744504500498424
2013-02-10,26,True,Man City,3,1,3,27,24,6.0,0.4,33,6.0,44,6.0,6.0,0.4,15.0,14.0,3.0,3.0,,,,,,,1.2596401028277635,0.5616224648985959,True,1.645021645021645,0.5629139072847682,False,-0.824516809033713,53,11.0,0.7333333333333333,47,9.0,21,2.0,,,,,,,10.0,0.8333333333333334,18.0,10.0,9.0,5.0,1.6792515115922226
2013-02-24,27,False,Newcastle,2,4,0,27,27,6.0,0.4,36,8.0,45,7.0,,,,,,,6.0,0.5,18.0,30.0,9.0,9.0,1.1232449297971918,0.7197943444730077,True,0.9602649006622516,0.7359307359307359,False,-0.6616078763145432,27,7.0,0.4666666666666667,34,7.0,46,7.0,6.0,0.4,17.0,18.0,7.0,9.0,,,,,,,-0.6616078763145432
2013-03-02,28,True,QPR,1,2,0,27,27,5.0,0.3333333333333333,38,8.0,49,9.0,8.0,0.5333333333333333,18.0,15.0,5.0,3.0,,,,,,,1.2596401028277635,0.5616224648985959,True,0.8225108225108225,1.3576158940397351,False,-0.7489497607941763,17,3.0,0.2,19,2.0,43,7.0,,,,,,,5.0,0.4166666666666667,11.0,22.0,5.0,8.0,-1.5373179300512039
2013-03-09,29,False,Norwich,0,0,1,28,27,4.0,0.26666666666666666,39,9.0,51,11.0,,,,,,,5.0,0.4166666666666667,20.0,34.0,8.0,10.0,1.1232449297971918,0.7197943444730077,True,0.9271523178807948,1.2987012987012987,False,-0.8141497850895918,32,6.0,0.4,27,3.0,45,6.0,6.0,0.4,16.0,15.0,6.0,6.0,,,,,,,-0.4423918923546185
2013-03-16,30,True,Liverpool,3,1,3,31,28,5.0,0.3333333333333333,39,8.0,51,9.0,5.0,0.3333333333333333,19.0,17.0,5.0,5.0,,,,,,,1.2596401028277635,0.5616224648985959,True,0.9956709956709956,0.7947019867549668,False,-0.8612799148164271,45,10.0,0.6666666666666666,56,14.0,36,6.0,,,,,,,8.0,0.6666666666666666,26.0,22.0,12.0,6.0,0.39015244004504784
2013-03-30,31,True,Chelsea,2,1,3,34,31,7.0,0.4666666666666667,42,9.0,52,8.0,8.0,0.5333333333333333,22.0,18.0,8.0,5.0,,,,,,,1.2596401028277635,0.5616224648985959,True,1.0389610389610389,0.7284768211920529,False,-0.7393501186396727,55,9.0,0.6,58,9.0,30,6.0,,,,,,,7.0,0.5833333333333334,25.0,18.0,10.0,8.0,1.1262891193753273
2013-04-06,32,False,Reading,2,0,3,37,34,7.0,0.4666666666666667,44,8.0,53,8.0,,,,,,,3.0,0.25,20.0,34.0,7.0,10.0,1.1232449297971918,0.7197943444730077,True,0.9254498714652956,0.5616224648985959,True,-0.5728836507074373,23,0.0,0.0,36,3.0,61,13.0,7.0,0.4666666666666667,23.0,29.0,8.0,10.0,,,,,,,-1.3321270432112702
2013-04-13,33,True,West Ham,1,1,1,38,37,10.0,0.6666666666666666,46,8.0,53,4.0,10.0,0.6666666666666666,24.0,19.0,9.0,5.0,,,,,,,1.2596401028277635,0.5616224648985959,True,1.2480499219968797,0.5655526992287918,True,-0.4510284447747344,37,7.0,0.4666666666666667,35,6.0,44,6.0,,,,,,,4.0,0.3333333333333333,9.0,26.0,3.0,7.0,-0.3658172709336647
2013-04-20,34,False,Swansea,0,0,1,39,38,11.0,0.7333333333333333,47,8.0,54,3.0,,,,,,,5.0,0.4166666666666667,22.0,34.0,7.0,8.0,1.1232449297971918,0.7197943444730077,True,0.8940397350993377,0.7792207792207791,False,-0.4363177713835481,41,4.0,0.26666666666666666,43,5.0,42,8.0,9.0,0.6,28.0,23.0,9.0,6.0,,,,,,,-0.18765417045372168
2013-04-27,35,True,West Brom,0,3,0,39,39,11.0,0.7333333333333333,47,8.0,54,3.0,10.0,0.6666666666666666,25.0,20.0,10.0,6.0,,,,,,,1.2596401028277635,0.5616224648985959,True,1.0389610389610389,0.9933774834437086,False,-0.4576540959324266,45,5.0,0.3333333333333333,43,5.0,44,7.0,,,,,,,4.0,0.3333333333333333,18.0,27.0,4.0,6.0,0.0195366166291139
2013-05-04,36,False,Spurs,0,1,0,39,39,8.0,0.5333333333333333,47,5.0,57,5.0,,,,,,,6.0,0.5,22.0,34.0,6.0,6.0,1.1232449297971918,0.7197943444730077,True,1.2913907284768211,0.7359307359307359,False,-0.5329793607925938,62,8.0,0.5333333333333333,60,9.0,43,7.0,10.0,0.6666666666666666,27.0,18.0,9.0,6.0,,,,,,,0.9842697679642604
2013-05-12,37,False,Sunderland,1,1,1,40,39,5.0,0.3333333333333333,47,3.0,58,5.0,,,,,,,5.0,0.4166666666666667,22.0,35.0,4.0,5.0,1.1232449297971918,0.7197943444730077,True,0.8609271523178808,0.7359307359307359,False,-0.5987949333124435,38,7.0,0.4666666666666667,40,7.0,52,9.0,6.0,0.4,19.0,18.0,5.0,5.0,,,,,,,-0.6598964571198357
2013-05-19,38,True,Stoke,1,1,1,41,40,3.0,0.2,48,2.0,59,6.0,7.0,0.4666666666666667,25.0,23.0,7.0,8.0,,,,,,,1.2596401028277635,0.5616224648985959,True,0.4761904761904762,1.0927152317880795,False,-0.5880942186982211,41,7.0,0.4666666666666667,33,5.0,44,5.0,,,,,,,4.0,0.3333333333333333,12.0,22.0,4.0,5.0,-0.5307191729715653
