Date,Round,isHome,Rival,Goal,Conceded,Points,CumPoints,bCumPoints,b5MatchPoints,b5MatchPointRatio,bCumGoal,b5MatchGoal,bCumConceded,b5MatchConceded,b5HomeMatchPoints,b5HomeMatchPointRatio,bHomeCumGoal,bHomeCumConceded,b5HomeMatchGoal,b5HomeMatchConceded,b5AwayMatchPoints,b5AwayMatchPointRatio,bAwayCumGoal,bAwayCumConceded,b5AwayMatchGoal,b5AwayMatchConceded,SelfAS,SelfDS,SelfFromCL,RivalAS,RivalDS,RivalFromCL,bStdCumPoints,bRivalCumPoints,bRival5MatchPoints,bRival5MatchPointRatio,bRivalCumGoal,bRival5MatchGoal,bRivalCumConceded,bRival5MatchConceded,bRival5HomeMatchPoints,bRival5HomeMatchPointRatio,bRivalHomeCumGoal,bRivalHomeCumConceded,bRival5HomeMatchGoal,bRival5HomeMatchConceded,bRival5AwayMatchPoints,bRival5AwayMatchPointRatio,bRivalAwayCumGoal,bRivalAwayCumConceded,bRival5AwayMatchGoal,bRival5AwayMatchConceded,bRivalStdCumPoints
2019-08-10,1,False,Watford,3,0,3,3,0,0.0,,0,0.0,0,0.0,,,,,,,0.0,,0.0,0.0,0.0,0.0,0.6722689075630253,1.0738255033557047,False,0.8724832214765101,1.1764705882352942,False,,0,0.0,,0,0.0,0,0.0,0.0,,0.0,0.0,0.0,0.0,,,,,,,
2019-08-17,2,True,West Ham,1,1,1,4,3,3.0,1.0,3,3.0,0,0.0,0.0,,0.0,0.0,0.0,0.0,,,,,,,0.6375838926174496,1.1764705882352942,False,0.8403361344537815,0.9395973154362416,False,1.2606230629781616,0,0.0,0.0,0,0.0,5,5.0,,,,,,,0.0,,0.0,0.0,0.0,0.0,-1.031418869709405
2019-08-24,3,True,Southampton,0,2,0,4,4,4.0,0.6666666666666666,4,4.0,1,1.0,1.0,0.3333333333333333,1.0,1.0,1.0,1.0,,,,,,,0.6375838926174496,1.1764705882352942,False,0.7563025210084033,1.174496644295302,False,0.6908628829858541,0,0.0,0.0,1,1.0,5,5.0,,,,,,,0.0,0.0,0.0,3.0,0.0,3.0,-1.3561382517870468
2019-08-31,4,False,Man City,0,4,0,4,4,4.0,0.4444444444444444,4,4.0,3,3.0,,,,,,,3.0,1.0,3.0,0.0,3.0,0.0,0.6722689075630253,1.0738255033557047,False,1.912751677852349,0.5042016806722689,False,-0.056367167084071114,7,7.0,0.7777777777777778,10,10.0,3,3.0,1.0,0.3333333333333333,2.0,2.0,2.0,2.0,,,,,,,1.6346478454380682
2019-09-14,5,True,Burnley,1,1,1,5,4,4.0,0.3333333333333333,4,4.0,7,7.0,1.0,0.16666666666666666,1.0,3.0,1.0,3.0,,,,,,,0.6375838926174496,1.1764705882352942,False,0.8823529411764708,1.2080536912751678,False,-0.5377085035431454,4,4.0,0.3333333333333333,5,5.0,6,6.0,,,,,,,1.0,0.16666666666666666,2.0,3.0,2.0,3.0,-0.5377085035431454
2019-09-22,6,False,Newcastle,0,0,1,6,5,5.0,0.3333333333333333,5,5.0,8,8.0,,,,,,,3.0,0.5,3.0,4.0,3.0,4.0,0.6722689075630253,1.0738255033557047,False,0.8053691275167785,1.0504201680672272,False,-0.623349239022275,4,4.0,0.26666666666666666,4,4.0,8,8.0,1.0,0.16666666666666666,1.0,2.0,1.0,2.0,,,,,,,-0.9795488041778608
2019-09-28,7,False,Chelsea,0,2,0,6,6,3.0,0.2,5,2.0,8,8.0,,,,,,,4.0,0.4444444444444444,3.0,4.0,3.0,4.0,0.6722689075630253,1.0738255033557047,False,1.3087248322147649,0.5042016806722689,False,-0.6017479520653839,8,8.0,0.5333333333333333,12,12.0,13,9.0,2.0,0.2222222222222222,4.0,5.0,4.0,5.0,,,,,,,-0.04198241526037571
2019-10-05,8,True,Spurs,3,0,3,9,6,2.0,0.13333333333333333,5,1.0,10,9.0,2.0,0.2222222222222222,2.0,4.0,2.0,4.0,,,,,,,0.6375838926174496,1.1764705882352942,False,1.3865546218487397,0.7718120805369127,False,-0.8051886057364445,11,7.0,0.4666666666666667,14,9.0,9,6.0,,,,,,,2.0,0.2222222222222222,5.0,6.0,5.0,6.0,0.3450808310299047
2019-10-19,9,False,Aston Villa,1,2,0,9,9,5.0,0.3333333333333333,8,4.0,10,7.0,,,,,,,4.0,0.3333333333333333,3.0,6.0,3.0,6.0,0.6722689075630253,1.0738255033557047,False,1.1961722488038278,1.1302982731554159,True,-0.4298835266996037,8,5.0,0.3333333333333333,13,9.0,12,7.0,5.0,0.4166666666666667,5.0,4.0,5.0,4.0,,,,,,,-0.6503366173147851
2019-10-26,10,True,Everton,3,2,3,12,9,5.0,0.3333333333333333,9,5.0,12,5.0,5.0,0.4166666666666667,5.0,4.0,5.0,4.0,,,,,,,0.6375838926174496,1.1764705882352942,False,1.0084033613445378,0.8389261744966443,False,-0.6914564132405994,10,3.0,0.2,8,4.0,13,9.0,,,,,,,1.0,0.08333333333333333,1.0,6.0,1.0,6.0,-0.4787005937819534
2019-11-02,11,True,Norwich,2,0,3,15,12,7.0,0.4666666666666667,12,7.0,14,6.0,8.0,0.5333333333333333,8.0,6.0,8.0,6.0,,,,,,,0.6375838926174496,1.1764705882352942,False,1.3186813186813189,0.5502392344497608,True,-0.2832509973779421,7,1.0,0.06666666666666668,11,2.0,24,12.0,,,,,,,1.0,0.08333333333333333,1.0,10.0,1.0,10.0,-1.1969638921454968
2019-11-10,12,False,Man Utd,1,3,0,15,15,9.0,0.6,14,9.0,14,6.0,,,,,,,4.0,0.3333333333333333,4.0,8.0,4.0,8.0,0.6722689075630253,1.0738255033557047,False,1.1073825503355703,1.0504201680672272,False,0.007859551321777175,13,5.0,0.3333333333333333,13,5.0,11,5.0,8.0,0.5333333333333333,8.0,4.0,8.0,4.0,,,,,,,-0.3065225015493053
2019-11-23,13,True,Leicester,0,2,0,15,15,9.0,0.6,15,10.0,17,7.0,10.0,0.6666666666666666,10.0,6.0,9.0,5.0,,,,,,,0.6375838926174496,1.1764705882352942,False,1.134453781512605,0.9395973154362416,False,-0.20823744105805514,26,12.0,0.8,29,16.0,8,3.0,,,,,,,9.0,0.75,15.0,5.0,14.0,4.0,1.4279138815409511
2019-11-30,14,False,Liverpool,1,2,0,15,15,6.0,0.4,15,7.0,19,9.0,,,,,,,1.0,0.08333333333333333,5.0,11.0,2.0,11.0,0.6722689075630253,1.0738255033557047,False,1.8456375838926176,0.4201680672268908,False,-0.3896332957760848,37,13.0,0.8666666666666667,30,10.0,11,5.0,15.0,1.0,17.0,6.0,13.0,5.0,,,,,,,2.671771171036009
2019-12-06,15,False,Arsenal,2,1,3,18,15,6.0,0.4,16,7.0,21,9.0,,,,,,,1.0,0.08333333333333333,6.0,13.0,3.0,9.0,0.6722689075630253,1.0738255033557047,False,1.4093959731543626,0.6722689075630253,False,-0.543359379958146,19,4.0,0.26666666666666666,20,7.0,21,9.0,9.0,0.6,13.0,10.0,9.0,7.0,,,,,,,-0.013252667803857405
2019-12-09,16,True,Wolves,2,2,1,19,18,6.0,0.4,18,6.0,22,8.0,10.0,0.6666666666666666,10.0,8.0,9.0,5.0,,,,,,,0.6375838926174496,1.1764705882352942,False,0.7983193277310925,0.8389261744966443,False,-0.3099680491632882,23,11.0,0.7333333333333333,21,8.0,17,4.0,,,,,,,9.0,0.75,9.0,7.0,7.0,4.0,0.2861243530738042
2019-12-17,17,False,Crystal Palace,1,1,1,20,19,4.0,0.26666666666666666,20,6.0,24,10.0,,,,,,,3.0,0.25,8.0,14.0,5.0,10.0,0.6722689075630253,1.0738255033557047,False,0.6375838926174496,0.9663865546218487,False,-0.33763886032268264,22,7.0,0.4666666666666667,14,4.0,18,4.0,6.0,0.4,6.0,7.0,4.0,6.0,,,,,,,0.0
2019-12-21,18,True,Sheffield Utd,0,1,0,20,20,5.0,0.3333333333333333,21,6.0,25,8.0,10.0,0.6666666666666666,12.0,10.0,10.0,6.0,,,,,,,0.6375838926174496,1.1764705882352942,False,1.1302982731554159,0.5741626794258372,True,-0.3600792260611144,25,8.0,0.5333333333333333,21,8.0,16,7.0,,,,,,,7.0,0.5833333333333334,10.0,7.0,5.0,4.0,0.17735245462711582
2019-12-26,19,False,Spurs,1,2,0,20,20,5.0,0.3333333333333333,21,6.0,26,7.0,,,,,,,4.0,0.3333333333333333,9.0,15.0,6.0,9.0,0.6722689075630253,1.0738255033557047,False,1.140939597315436,0.6722689075630253,False,-0.4951931161395667,26,9.0,0.6,32,11.0,26,7.0,8.0,0.5333333333333333,19.0,9.0,10.0,6.0,,,,,,,0.12379827903489155
2019-12-28,20,True,Bournemouth,2,0,3,23,20,5.0,0.3333333333333333,22,6.0,28,7.0,7.0,0.4666666666666667,12.0,11.0,7.0,7.0,,,,,,,0.6375838926174496,1.1764705882352942,False,1.092436974789916,1.5100671140939597,False,-0.6322305050839203,20,4.0,0.26666666666666666,20,2.0,26,6.0,,,,,,,4.0,0.3333333333333333,10.0,12.0,4.0,6.0,-0.6322305050839203
2020-01-01,21,True,Chelsea,1,1,1,24,23,5.0,0.3333333333333333,24,6.0,28,6.0,7.0,0.4666666666666667,14.0,11.0,6.0,5.0,,,,,,,0.6375838926174496,1.1764705882352942,False,1.0084033613445378,0.9060402684563761,False,-0.4616187122145651,35,6.0,0.4,35,5.0,28,7.0,,,,,,,9.0,0.75,24.0,18.0,8.0,7.0,0.7045759291695994
2020-01-11,22,False,Everton,0,1,0,24,24,5.0,0.3333333333333333,25,5.0,29,5.0,,,,,,,4.0,0.3333333333333333,10.0,17.0,6.0,9.0,0.6722689075630253,1.0738255033557047,False,1.0067114093959733,0.8823529411764708,False,-0.4665728158433147,25,8.0,0.5333333333333333,24,5.0,32,4.0,8.0,0.5333333333333333,12.0,11.0,5.0,4.0,,,,,,,-0.3732582526746518
2020-01-18,23,True,Aston Villa,1,1,1,25,24,4.0,0.26666666666666666,25,4.0,30,5.0,5.0,0.3333333333333333,15.0,12.0,5.0,6.0,,,,,,,0.6375838926174496,1.1764705882352942,False,1.0047095761381477,0.5980861244019139,True,-0.5716406038867328,21,6.0,0.4,28,5.0,43,13.0,,,,,,,4.0,0.3333333333333333,14.0,23.0,5.0,10.0,-0.8375199545317248
2020-01-22,24,False,Bournemouth,1,3,0,25,25,5.0,0.3333333333333333,26,5.0,31,5.0,,,,,,,4.0,0.3333333333333333,10.0,18.0,5.0,7.0,0.6722689075630253,1.0738255033557047,False,1.0067114093959733,1.0504201680672272,False,-0.5846001510789371,20,1.0,0.06666666666666668,20,1.0,36,11.0,1.0,0.06666666666666668,10.0,17.0,2.0,10.0,,,,,,,-1.0241491368525744
2020-02-01,25,False,West Ham,3,3,1,26,25,5.0,0.3333333333333333,27,5.0,34,6.0,,,,,,,4.0,0.3333333333333333,11.0,21.0,5.0,8.0,0.6722689075630253,1.0738255033557047,False,1.0738255033557047,1.134453781512605,False,-0.6749221399017916,23,4.0,0.26666666666666666,27,6.0,40,8.0,4.0,0.26666666666666666,17.0,22.0,7.0,8.0,,,,,,,-0.8426046591320504
2020-02-09,26,True,Watford,1,1,1,27,26,3.0,0.2,30,6.0,37,9.0,6.0,0.4,16.0,13.0,6.0,5.0,,,,,,,0.6375838926174496,1.1764705882352942,False,1.092436974789916,1.0402684563758389,False,-0.6793388731424417,23,7.0,0.4666666666666667,23,8.0,39,6.0,,,,,,,4.0,0.3333333333333333,10.0,22.0,5.0,7.0,-0.924883044157782
2020-02-22,27,False,Sheffield Utd,1,1,1,28,27,3.0,0.2,31,6.0,38,9.0,,,,,,,2.0,0.16666666666666666,14.0,24.0,6.0,10.0,0.6722689075630253,1.0738255033557047,False,1.0047846889952152,0.533751962323391,True,-0.672463685516994,39,10.0,0.6666666666666666,28,5.0,24,3.0,10.0,0.6666666666666666,15.0,12.0,6.0,3.0,,,,,,,0.2550724324374802
2020-02-29,28,True,Crystal Palace,0,1,0,28,28,4.0,0.26666666666666666,32,7.0,39,9.0,6.0,0.4,17.0,14.0,5.0,4.0,,,,,,,0.6375838926174496,1.1764705882352942,False,1.3445378151260503,1.0067114093959733,False,-0.6716188421323518,33,4.0,0.26666666666666666,24,4.0,32,8.0,,,,,,,3.0,0.25,13.0,19.0,5.0,8.0,-0.3046140103660393
2020-03-07,29,False,Wolves,0,0,1,29,28,3.0,0.2,32,6.0,40,9.0,,,,,,,2.0,0.16666666666666666,15.0,25.0,6.0,10.0,0.6722689075630253,1.0738255033557047,False,0.9395973154362416,0.8823529411764708,False,-0.8000057286687648,42,8.0,0.5333333333333333,41,7.0,34,4.0,8.0,0.5333333333333333,21.0,17.0,8.0,5.0,,,,,,,0.2666685762229216
2020-06-20,30,True,Arsenal,2,1,3,32,29,4.0,0.26666666666666666,32,5.0,40,6.0,6.0,0.4,17.0,15.0,5.0,4.0,,,,,,,0.6375838926174496,1.1764705882352942,False,1.3025210084033614,1.174496644295302,False,-0.7770318279333991,40,10.0,0.6666666666666666,40,8.0,39,5.0,,,,,,,4.0,0.3333333333333333,14.0,19.0,4.0,7.0,0.010742375501383294
2020-06-24,31,False,Leicester,0,0,1,33,32,6.0,0.4,34,4.0,41,4.0,,,,,,,3.0,0.25,15.0,25.0,5.0,8.0,0.6722689075630253,1.0738255033557047,False,0.8053691275167785,0.8403361344537815,False,-0.6435314087775597,54,5.0,0.3333333333333333,59,5.0,29,3.0,7.0,0.4666666666666667,30.0,15.0,11.0,6.0,,,,,,,0.8953480469948651
2020-07-01,32,True,Man Utd,0,3,0,33,33,6.0,0.4,34,3.0,41,3.0,6.0,0.4,19.0,16.0,5.0,5.0,,,,,,,0.6375838926174496,1.1764705882352942,False,1.3445378151260503,0.9731543624161074,False,-0.6439435197336726,49,11.0,0.7333333333333333,48,10.0,31,2.0,,,,,,,5.0,0.4166666666666667,16.0,19.0,4.0,6.0,0.4292956798224482
2020-07-04,33,False,Norwich,1,0,3,36,33,5.0,0.3333333333333333,34,2.0,44,5.0,,,,,,,4.0,0.3333333333333333,15.0,25.0,5.0,7.0,0.6722689075630253,1.0738255033557047,False,1.2200956937799041,1.067503924646782,True,-0.7364938487263379,21,3.0,0.2,25,1.0,60,9.0,6.0,0.4,19.0,30.0,2.0,5.0,,,,,,,-1.5327034149169734
2020-07-09,34,True,Liverpool,1,3,0,36,36,8.0,0.5333333333333333,35,3.0,44,4.0,5.0,0.3333333333333333,19.0,19.0,4.0,7.0,,,,,,,0.6375838926174496,1.1764705882352942,False,1.4285714285714286,0.4026845637583893,False,-0.6055035877893236,89,10.0,0.6666666666666666,72,8.0,25,5.0,,,,,,,7.0,0.5833333333333334,26.0,13.0,3.0,7.0,2.7725690598774286
2020-07-12,35,True,Man City,0,5,0,36,36,7.0,0.4666666666666667,36,4.0,47,7.0,4.0,0.26666666666666666,20.0,22.0,4.0,9.0,,,,,,,0.6375838926174496,1.1764705882352942,False,1.5966386554621852,0.3691275167785235,False,-0.6606610012716378,69,9.0,0.6,86,15.0,34,3.0,,,,,,,3.0,0.25,36.0,22.0,2.0,7.0,1.348722689231961
2020-07-17,36,False,Southampton,1,1,1,37,36,4.0,0.26666666666666666,36,2.0,52,11.0,,,,,,,7.0,0.5833333333333334,16.0,25.0,5.0,4.0,0.6722689075630253,1.0738255033557047,False,0.9060402684563761,1.2605042016806725,False,-0.75126293758288,45,8.0,0.5333333333333333,45,7.0,58,6.0,6.0,0.4,17.0,33.0,4.0,5.0,,,,,,,-0.19931465690974368
2020-07-21,37,True,Newcastle,0,0,1,38,37,4.0,0.26666666666666666,37,3.0,53,12.0,3.0,0.2,20.0,27.0,3.0,13.0,,,,,,,0.6375838926174496,1.1764705882352942,False,0.7563025210084033,0.7718120805369127,False,-0.7532205904643664,43,4.0,0.26666666666666666,37,8.0,55,13.0,,,,,,,6.0,0.5,18.0,37.0,6.0,9.0,-0.39454411881466817
2020-07-26,38,False,Burnley,2,1,3,41,38,5.0,0.3333333333333333,37,3.0,53,9.0,,,,,,,7.0,0.5833333333333334,17.0,26.0,3.0,2.0,0.6722689075630253,1.0738255033557047,False,0.8053691275167785,1.3445378151260503,False,-0.7537356834712436,54,9.0,0.6,42,6.0,48,3.0,9.0,0.6,23.0,21.0,7.0,3.0,,,,,,,0.17393900387797928
