Date,Round,isHome,Rival,Goal,Conceded,Points,CumPoints,bCumPoints,b5MatchPoints,b5MatchPointRatio,bCumGoal,b5MatchGoal,bCumConceded,b5MatchConceded,b5HomeMatchPoints,b5HomeMatchPointRatio,bHomeCumGoal,bHomeCumConceded,b5HomeMatchGoal,b5HomeMatchConceded,b5AwayMatchPoints,b5AwayMatchPointRatio,bAwayCumGoal,bAwayCumConceded,b5AwayMatchGoal,b5AwayMatchConceded,SelfAS,SelfDS,SelfFromCL,RivalAS,RivalDS,RivalFromCL,bStdCumPoints,bRivalCumPoints,bRival5MatchPoints,bRival5MatchPointRatio,bRivalCumGoal,bRival5MatchGoal,bRivalCumConceded,bRival5MatchConceded,bRival5HomeMatchPoints,bRival5HomeMatchPointRatio,bRivalHomeCumGoal,bRivalHomeCumConceded,bRival5HomeMatchGoal,bRival5HomeMatchConceded,bRival5AwayMatchPoints,bRival5AwayMatchPointRatio,bRivalAwayCumGoal,bRivalAwayCumConceded,bRival5AwayMatchGoal,bRival5AwayMatchConceded,bRivalStdCumPoints
2017-08-13,1,False,Newcastle,2,0,3,3,0,0.0,,0,0.0,0,0.0,,,,,,,0.0,,0.0,0.0,0.0,0.0,1.7067833698030634,0.5601317957166392,False,1.185006045949214,0.749185667752443,True,,0,0.0,,0,0.0,0,0.0,0.0,,0.0,0.0,0.0,0.0,,,,,,,
2017-08-20,2,True,Chelsea,1,2,0,3,3,3.0,1.0,2,2.0,0,0.0,0.0,,0.0,0.0,0.0,0.0,,,,,,,1.5485996705107086,0.3938730853391684,False,1.312910284463895,0.5271828665568369,False,1.1496691395504979,0,0.0,0.0,2,2.0,3,3.0,,,,,,,0.0,,0.0,0.0,0.0,0.0,-1.0059604971066858
2017-08-27,3,True,Burnley,1,1,1,4,3,3.0,0.5,3,3.0,2,2.0,0.0,0.0,1.0,2.0,1.0,2.0,,,,,,,1.5485996705107086,0.3938730853391684,False,0.5689277899343544,1.1532125205930808,False,0.07285096135146328,3,3.0,0.5,3,3.0,3,3.0,,,,,,,3.0,1.0,3.0,2.0,3.0,2.0,0.07285096135146328
2017-09-09,4,False,Everton,3,0,3,7,4,4.0,0.4444444444444444,4,4.0,3,3.0,,,,,,,3.0,1.0,2.0,0.0,2.0,0.0,1.7067833698030634,0.5601317957166392,False,1.3838550247116972,0.7002188183807438,False,-0.058121522850074325,4,4.0,0.4444444444444444,2,2.0,3,3.0,3.0,1.0,1.0,0.0,1.0,0.0,,,,,,,-0.058121522850074325
2017-09-17,5,True,Swansea,0,0,1,8,7,7.0,0.5833333333333334,7,7.0,3,3.0,1.0,0.16666666666666666,2.0,3.0,2.0,3.0,,,,,,,1.5485996705107086,0.3938730853391684,False,0.7877461706783369,1.186161449752883,False,0.4969402399907014,4,4.0,0.3333333333333333,2,2.0,5,5.0,,,,,,,4.0,0.6666666666666666,2.0,0.0,2.0,0.0,-0.5679317028465156
2017-09-23,6,False,West Ham,3,2,3,11,8,8.0,0.5333333333333333,7,7.0,3,3.0,,,,,,,6.0,1.0,5.0,0.0,5.0,0.0,1.7067833698030634,0.5601317957166392,False,0.6260296540362439,1.3566739606126914,False,0.3539674340993704,4,4.0,0.26666666666666666,4,4.0,10,10.0,3.0,1.0,2.0,0.0,2.0,0.0,,,,,,,-0.8772236410288742
2017-09-30,7,False,Huddersfield,4,0,3,14,11,8.0,0.5333333333333333,10,8.0,5,5.0,,,,,,,9.0,1.0,8.0,2.0,8.0,2.0,1.7067833698030634,0.5601317957166392,False,0.8222490931076178,0.8469055374592834,True,0.6516262728815522,9,6.0,0.4,5,2.0,3,3.0,5.0,0.5555555555555556,2.0,1.0,2.0,1.0,,,,,,,0.16894014482114306
2017-10-14,8,True,Bournemouth,1,0,3,17,14,11.0,0.7333333333333333,14,11.0,5,3.0,2.0,0.2222222222222222,2.0,3.0,2.0,3.0,,,,,,,1.5485996705107086,0.3938730853391684,False,0.8752735229759299,1.2520593080724878,False,0.9159363771421836,4,4.0,0.26666666666666666,4,4.0,11,8.0,,,,,,,0.0,0.0,1.0,6.0,1.0,6.0,-1.189664489851342
2017-10-22,9,True,Liverpool,4,1,3,20,17,13.0,0.8666666666666667,15,11.0,5,2.0,5.0,0.4166666666666667,3.0,3.0,3.0,3.0,,,,,,,1.5485996705107086,0.3938730853391684,False,1.4442013129102844,0.7907742998352554,False,1.2373132714307749,13,6.0,0.4,13,5.0,12,9.0,,,,,,,5.0,0.4166666666666667,7.0,11.0,7.0,11.0,0.4259603065581356
2017-10-28,10,False,Man Utd,0,1,0,20,20,13.0,0.8666666666666667,19,12.0,6,3.0,,,,,,,12.0,1.0,12.0,2.0,12.0,2.0,1.7067833698030634,0.5601317957166392,False,0.85667215815486,0.5251641137855579,False,1.446083862224237,20,10.0,0.6666666666666666,22,10.0,4,2.0,12.0,1.0,14.0,0.0,14.0,0.0,,,,,,,1.446083862224237
2017-11-05,11,True,Crystal Palace,1,0,3,23,20,12.0,0.8,19,12.0,7,4.0,8.0,0.5333333333333333,7.0,4.0,7.0,4.0,,,,,,,1.5485996705107086,0.3938730853391684,False,1.1378555798687089,1.2520593080724878,False,1.0557997275587183,4,4.0,0.26666666666666666,4,4.0,21,13.0,,,,,,,0.0,0.0,0.0,12.0,0.0,12.0,-1.6688447306573295
2017-11-18,12,False,Arsenal,0,2,0,23,23,12.0,0.8,20,10.0,7,2.0,,,,,,,12.0,1.0,12.0,3.0,12.0,3.0,1.7067833698030634,0.5601317957166392,False,1.2850082372322902,0.7002188183807438,False,1.2175972377812048,19,9.0,0.6,20,11.0,16,8.0,15.0,1.0,13.0,4.0,13.0,4.0,,,,,,,0.589159953765099
2017-11-25,13,True,West Brom,1,1,1,24,23,9.0,0.6,20,6.0,9,4.0,11.0,0.7333333333333333,8.0,4.0,7.0,2.0,,,,,,,1.5485996705107086,0.3938730853391684,False,0.7002188183807438,0.955518945634267,False,0.8821280611143563,10,1.0,0.06666666666666668,9,3.0,18,10.0,,,,,,,1.0,0.08333333333333333,3.0,8.0,2.0,8.0,-0.9238034025843256
2017-11-29,14,False,Leicester,1,2,0,24,24,7.0,0.4666666666666667,21,6.0,10,5.0,,,,,,,9.0,0.75,12.0,5.0,10.0,5.0,1.7067833698030634,0.5601317957166392,False,1.0214168039538716,1.0940919037199124,False,0.7947826486841221,14,8.0,0.5333333333333333,17,7.0,19,6.0,4.0,0.26666666666666666,8.0,8.0,6.0,8.0,,,,,,,-0.5189076797193853
2017-12-02,15,False,Watford,1,1,1,25,24,4.0,0.26666666666666666,22,3.0,12,6.0,,,,,,,6.0,0.5,13.0,7.0,8.0,7.0,1.7067833698030634,0.5601317957166392,False,0.8237232289950578,1.2691466083150984,False,0.5499104085541907,21,6.0,0.4,24,9.0,25,8.0,6.0,0.4,9.0,15.0,6.0,12.0,,,,,,,0.19512949980955144
2017-12-09,16,True,Stoke,5,1,3,28,25,5.0,0.3333333333333333,23,4.0,13,6.0,11.0,0.7333333333333333,9.0,5.0,7.0,2.0,,,,,,,1.5485996705107086,0.3938730853391684,False,0.7439824945295405,1.0543657331136738,False,0.4730072196389764,16,5.0,0.3333333333333333,18,7.0,30,10.0,,,,,,,4.0,0.3333333333333333,8.0,15.0,7.0,13.0,-0.5170078912332996
2017-12-14,17,True,Brighton,2,0,3,31,28,5.0,0.3333333333333333,28,8.0,14,7.0,13.0,0.8666666666666667,14.0,6.0,12.0,3.0,,,,,,,1.5485996705107086,0.3938730853391684,False,0.9120521172638436,0.6287787182587666,True,0.6481938138689111,17,2.0,0.13333333333333333,14,3.0,21,10.0,,,,,,,6.0,0.5,5.0,9.0,4.0,5.0,-0.5501476907626893
2017-12-17,18,False,Man City,1,4,0,31,31,8.0,0.5333333333333333,30,10.0,14,5.0,,,,,,,4.0,0.3333333333333333,14.0,8.0,6.0,6.0,1.7067833698030634,0.5601317957166392,False,1.2191103789126854,0.7439824945295405,False,0.7540184306768385,49,15.0,1.0,52,12.0,11,4.0,15.0,1.0,28.0,6.0,17.0,5.0,,,,,,,2.5516782654030763
2017-12-24,19,False,Burnley,3,0,3,34,31,7.0,0.4666666666666667,31,10.0,18,8.0,,,,,,,1.0,0.08333333333333333,15.0,12.0,3.0,10.0,1.7067833698030634,0.5601317957166392,False,0.85667215815486,0.8752735229759299,False,0.5684638165308481,32,10.0,0.6666666666666666,16,4.0,12,2.0,12.0,0.8,7.0,3.0,5.0,1.0,,,,,,,0.6616546061260691
2017-12-26,20,True,Southampton,5,2,3,37,34,10.0,0.6666666666666666,34,12.0,18,6.0,13.0,0.8666666666666667,16.0,6.0,13.0,3.0,,,,,,,1.5485996705107086,0.3938730853391684,False,1.0503282275711159,0.8896210873146623,False,0.7152638146977823,19,3.0,0.2,18,4.0,25,8.0,,,,,,,2.0,0.16666666666666666,5.0,10.0,3.0,8.0,-0.6514823280368334
2018-01-03,21,False,Swansea,2,0,3,40,37,12.0,0.8,39,16.0,20,7.0,,,,,,,4.0,0.3333333333333333,18.0,12.0,6.0,9.0,1.7067833698030634,0.5601317957166392,False,0.8896210873146623,1.4879649890590811,False,0.8091095052608321,16,4.0,0.26666666666666666,13,4.0,32,14.0,5.0,0.3333333333333333,6.0,15.0,2.0,6.0,,,,,,,-1.0790381626266026
2018-01-05,22,True,West Ham,1,1,1,41,40,12.0,0.8,41,13.0,20,6.0,13.0,0.8666666666666667,21.0,8.0,14.0,4.0,,,,,,,1.5485996705107086,0.3938730853391684,False,1.225382932166302,1.0873146622734762,False,0.9362860321623826,21,8.0,0.5333333333333333,24,10.0,39,7.0,,,,,,,4.0,0.3333333333333333,12.0,24.0,7.0,11.0,-0.6591789553788974
2018-01-14,23,True,Everton,4,0,3,44,41,10.0,0.6666666666666666,42,12.0,21,7.0,11.0,0.7333333333333333,22.0,9.0,14.0,5.0,,,,,,,1.5485996705107086,0.3938730853391684,False,0.8752735229759299,0.9225700164744646,False,0.8762656871396265,27,5.0,0.3333333333333333,25,4.0,34,5.0,,,,,,,5.0,0.4166666666666667,8.0,19.0,4.0,7.0,-0.24407400418044395
2018-01-22,24,False,Southampton,1,1,1,45,44,13.0,0.8666666666666667,46,15.0,21,3.0,,,,,,,7.0,0.5833333333333334,20.0,12.0,8.0,7.0,1.7067833698030634,0.5601317957166392,False,0.5601317957166392,0.9190371991247264,False,1.0073131405805356,21,3.0,0.2,23,6.0,34,10.0,5.0,0.3333333333333333,14.0,17.0,8.0,9.0,,,,,,,-0.8314330684156801
2018-02-01,25,True,Man Utd,2,0,3,48,45,11.0,0.7333333333333333,47,13.0,22,4.0,13.0,0.8666666666666667,26.0,9.0,17.0,4.0,,,,,,,1.5485996705107086,0.3938730853391684,False,1.225382932166302,0.5601317957166392,False,0.9401508352189436,53,11.0,0.7333333333333333,49,8.0,16,2.0,,,,,,,13.0,1.0833333333333333,22.0,11.0,10.0,4.0,1.554126890872131
2018-02-05,26,False,Liverpool,2,2,1,49,48,11.0,0.7333333333333333,49,10.0,22,2.0,,,,,,,8.0,0.6666666666666666,21.0,13.0,8.0,6.0,1.7067833698030634,0.5601317957166392,False,1.4827018121911038,0.7877461706783369,False,1.0529465951233672,50,12.0,0.8,57,11.0,29,6.0,11.0,0.7333333333333333,25.0,7.0,12.0,5.0,,,,,,,1.2039066804457137
2018-02-10,27,True,Arsenal,1,0,3,52,49,9.0,0.6,51,10.0,24,4.0,13.0,0.8666666666666667,28.0,9.0,14.0,3.0,,,,,,,1.5485996705107086,0.3938730853391684,False,1.663019693654267,0.9225700164744646,False,1.0218199444516816,45,7.0,0.4666666666666667,51,13.0,35,9.0,,,,,,,5.0,0.4166666666666667,15.0,21.0,6.0,8.0,0.7223855284951448
2018-02-25,28,False,Crystal Palace,1,0,3,55,52,11.0,0.7333333333333333,52,10.0,24,3.0,,,,,,,8.0,0.6666666666666666,23.0,15.0,9.0,7.0,1.7067833698030634,0.5601317957166392,False,0.7907742998352554,1.0940919037199124,False,1.1068400459197432,27,5.0,0.3333333333333333,25,5.0,42,9.0,8.0,0.5333333333333333,16.0,19.0,6.0,5.0,,,,,,,-0.7136205559219394
2018-03-03,29,True,Huddersfield,2,0,3,58,55,11.0,0.7333333333333333,53,7.0,24,3.0,13.0,0.8666666666666667,29.0,9.0,13.0,3.0,,,,,,,1.5485996705107086,0.3938730853391684,False,0.716612377850163,0.7738814993954051,True,1.17541495330627,30,6.0,0.4,25,6.0,48,9.0,,,,,,,4.0,0.3333333333333333,10.0,28.0,3.0,9.0,-0.5685241465546647
2018-03-12,30,False,Bournemouth,4,1,3,61,58,13.0,0.8666666666666667,55,8.0,24,2.0,,,,,,,11.0,0.9166666666666666,24.0,15.0,9.0,3.0,1.7067833698030634,0.5601317957166392,False,1.1532125205930808,1.2691466083150984,False,1.2277118394446898,33,8.0,0.5333333333333333,34,9.0,44,8.0,11.0,0.7333333333333333,20.0,21.0,11.0,8.0,,,,,,,-0.4358543386646457
2018-04-01,31,False,Chelsea,3,1,3,64,61,13.0,0.8666666666666667,59,10.0,25,3.0,,,,,,,11.0,0.9166666666666666,28.0,16.0,10.0,4.0,1.7067833698030634,0.5601317957166392,False,1.812191103789127,0.7439824945295405,False,1.261727558019602,56,6.0,0.4,52,7.0,27,8.0,10.0,0.6666666666666666,26.0,11.0,10.0,4.0,,,,,,,0.9462956685147016
2018-04-07,32,False,Stoke,2,1,3,67,64,15.0,1.0,62,11.0,26,2.0,,,,,,,11.0,0.9166666666666666,31.0,17.0,11.0,5.0,1.7067833698030634,0.5601317957166392,False,0.7907742998352554,1.0503282275711159,False,1.280591256130872,27,2.0,0.13333333333333333,29,2.0,61,8.0,5.0,0.3333333333333333,17.0,25.0,4.0,5.0,,,,,,,-0.990396905652102
2018-04-15,33,True,Man City,1,3,0,67,67,15.0,1.0,64,12.0,27,3.0,13.0,0.8666666666666667,31.0,9.0,10.0,1.0,,,,,,,1.5485996705107086,0.3938730853391684,False,1.8818380743982488,0.7248764415156508,False,1.3399487547057851,84,12.0,0.8,90,11.0,24,4.0,,,,,,,10.0,0.8333333333333334,37.0,11.0,12.0,6.0,2.330345660357888
2018-04-18,34,False,Brighton,1,1,1,68,67,12.0,0.8,65,12.0,30,6.0,,,,,,,13.0,1.0833333333333333,33.0,18.0,12.0,5.0,1.7067833698030634,0.5601317957166392,False,1.1124546553808947,0.4560260586319218,True,1.258089144711657,35,4.0,0.26666666666666666,31,5.0,46,9.0,10.0,0.6666666666666666,22.0,24.0,10.0,6.0,,,,,,,-0.5718587021416621
2018-05-01,35,True,Watford,2,0,3,71,68,10.0,0.6666666666666666,66,11.0,31,7.0,12.0,0.8,32.0,12.0,10.0,3.0,,,,,,,1.5485996705107086,0.3938730853391684,False,0.6564551422319475,1.2850082372322902,False,1.193765920461013,38,2.0,0.13333333333333333,42,3.0,60,10.0,,,,,,,1.0,0.08333333333333333,17.0,30.0,0.0,11.0,-0.5221122627910566
2018-05-05,36,False,West Brom,0,1,0,71,71,10.0,0.6666666666666666,68,9.0,31,6.0,,,,,,,13.0,1.0833333333333333,34.0,19.0,11.0,4.0,1.7067833698030634,0.5601317957166392,False,0.8896210873146623,0.9628008752735228,False,1.2450369343479044,28,8.0,0.5333333333333333,30,6.0,54,5.0,2.0,0.13333333333333333,20.0,29.0,6.0,11.0,,,,,,,-1.1402731593996591
2018-05-10,37,True,Newcastle,1,0,3,74,71,7.0,0.4666666666666667,68,6.0,32,6.0,12.0,0.8,34.0,12.0,8.0,3.0,,,,,,,1.5485996705107086,0.3938730853391684,False,1.1726384364820848,0.4111245465538089,True,1.1835062649693149,41,6.0,0.4,36,5.0,46,6.0,,,,,,,4.0,0.3333333333333333,18.0,29.0,5.0,8.0,-0.4377351938927603
2018-05-13,38,True,Leicester,5,4,3,77,74,7.0,0.4666666666666667,69,5.0,32,5.0,12.0,0.8,35.0,12.0,7.0,3.0,,,,,,,1.5485996705107086,0.3938730853391684,False,0.7439824945295405,1.2520593080724878,False,1.2646343686950257,47,4.0,0.26666666666666666,52,4.0,55,10.0,,,,,,,6.0,0.5,27.0,33.0,8.0,13.0,-0.1914478468600144
