Date,Round,isHome,Rival,Goal,Conceded,Points,CumPoints,bCumPoints,b5MatchPoints,b5MatchPointRatio,bCumGoal,b5MatchGoal,bCumConceded,b5MatchConceded,b5HomeMatchPoints,b5HomeMatchPointRatio,bHomeCumGoal,bHomeCumConceded,b5HomeMatchGoal,b5HomeMatchConceded,b5AwayMatchPoints,b5AwayMatchPointRatio,bAwayCumGoal,bAwayCumConceded,b5AwayMatchGoal,b5AwayMatchConceded
2009-08-15,1,False,Chelsea,1,2,0,0,0,0.0,,0,0.0,0,0.0,,,,,,,0.0,,0.0,0.0,0.0,0.0
2009-08-20,2,True,Spurs,1,5,0,0,0,0.0,0.0,1,1.0,2,2.0,0.0,,0.0,0.0,0.0,0.0,,,,,,
2009-08-22,3,True,Bolton,1,0,3,3,0,0.0,0.0,2,2.0,7,7.0,0.0,0.0,1.0,5.0,1.0,5.0,,,,,,
2009-08-29,4,False,Wolves,1,1,1,4,3,3.0,0.3333333333333333,3,3.0,7,7.0,,,,,,,0.0,0.0,1.0,2.0,1.0,2.0
2009-09-12,5,False,Sunderland,1,4,0,4,4,4.0,0.3333333333333333,4,4.0,8,8.0,,,,,,,1.0,0.16666666666666666,2.0,3.0,2.0,3.0
2009-09-19,6,True,Birmingham,0,1,0,4,4,4.0,0.26666666666666666,5,5.0,12,12.0,3.0,0.5,2.0,5.0,2.0,5.0,,,,,,
2009-09-26,7,False,Liverpool,1,6,0,4,4,4.0,0.26666666666666666,5,4.0,13,11.0,,,,,,,1.0,0.1111111111111111,3.0,7.0,3.0,7.0
2009-10-03,8,True,Wigan,2,1,3,7,4,4.0,0.26666666666666666,6,4.0,19,12.0,3.0,0.3333333333333333,2.0,6.0,2.0,6.0,,,,,,
2009-10-20,9,False,Fulham,0,2,0,7,7,4.0,0.26666666666666666,8,5.0,20,13.0,,,,,,,1.0,0.08333333333333333,4.0,13.0,4.0,13.0
2009-10-24,10,True,Portsmouth,0,0,1,8,7,3.0,0.2,8,4.0,22,14.0,6.0,0.5,4.0,7.0,4.0,7.0,,,,,,
2009-10-31,11,False,Burnley,0,2,0,8,8,4.0,0.26666666666666666,8,3.0,22,10.0,,,,,,,1.0,0.08333333333333333,4.0,15.0,4.0,15.0
2009-11-08,12,True,Stoke,2,1,3,11,8,4.0,0.26666666666666666,8,3.0,24,11.0,7.0,0.4666666666666667,4.0,7.0,4.0,7.0,,,,,,
2009-11-21,13,True,West Ham,3,3,1,12,11,7.0,0.4666666666666667,10,4.0,25,6.0,10.0,0.6666666666666666,6.0,8.0,5.0,3.0,,,,,,
2009-11-26,14,True,Everton,3,2,3,15,12,5.0,0.3333333333333333,13,5.0,28,8.0,8.0,0.5333333333333333,9.0,11.0,7.0,6.0,,,,,,
2009-11-28,15,False,Man City,1,1,1,16,15,8.0,0.5333333333333333,16,8.0,30,8.0,,,,,,,1.0,0.08333333333333333,4.0,17.0,3.0,15.0
2009-12-05,16,False,Aston Villa,0,3,0,16,16,8.0,0.5333333333333333,17,9.0,31,9.0,,,,,,,1.0,0.08333333333333333,5.0,18.0,3.0,15.0
2009-12-12,17,True,Blackburn,0,0,1,17,16,8.0,0.5333333333333333,17,9.0,34,10.0,11.0,0.7333333333333333,12.0,13.0,10.0,7.0,,,,,,
2009-12-20,18,False,Arsenal,0,3,0,17,17,6.0,0.4,17,7.0,34,9.0,,,,,,,1.0,0.08333333333333333,5.0,21.0,2.0,14.0
2009-12-28,19,True,Man Utd,1,3,0,17,17,5.0,0.3333333333333333,17,4.0,37,9.0,9.0,0.6,12.0,13.0,8.0,6.0,,,,,,
2009-12-30,20,False,Bolton,2,2,1,18,17,2.0,0.13333333333333333,18,2.0,40,10.0,,,,,,,1.0,0.08333333333333333,5.0,24.0,1.0,11.0
2010-01-16,21,False,Spurs,0,0,1,19,18,2.0,0.13333333333333333,20,3.0,42,11.0,,,,,,,2.0,0.16666666666666666,7.0,26.0,3.0,11.0
2010-01-23,22,False,Man Utd,0,4,0,19,19,3.0,0.2,20,3.0,42,8.0,,,,,,,3.0,0.25,7.0,26.0,3.0,9.0
2010-01-30,23,True,Wolves,2,2,1,20,19,2.0,0.13333333333333333,20,3.0,46,12.0,8.0,0.5333333333333333,13.0,16.0,9.0,9.0,,,,,,
2010-02-03,24,True,Chelsea,1,1,1,21,20,3.0,0.2,22,5.0,48,11.0,6.0,0.4,15.0,18.0,9.0,10.0,,,,,,
2010-02-06,25,True,Man City,2,1,3,24,21,4.0,0.26666666666666666,23,5.0,49,9.0,6.0,0.4,16.0,19.0,7.0,8.0,,,,,,
2010-02-11,26,False,Blackburn,0,1,0,24,24,6.0,0.4,25,5.0,50,8.0,,,,,,,2.0,0.16666666666666666,7.0,30.0,2.0,12.0
2010-02-20,27,False,West Ham,0,3,0,24,24,5.0,0.3333333333333333,25,5.0,51,9.0,,,,,,,2.0,0.16666666666666666,7.0,31.0,2.0,10.0
2010-03-08,28,False,Everton,1,5,0,24,24,5.0,0.3333333333333333,25,5.0,54,8.0,,,,,,,2.0,0.16666666666666666,7.0,34.0,2.0,10.0
2010-03-14,29,True,Arsenal,1,2,0,24,24,4.0,0.26666666666666666,26,4.0,59,11.0,6.0,0.4,18.0,20.0,6.0,7.0,,,,,,
2010-03-20,30,False,Portsmouth,2,3,0,24,24,3.0,0.2,27,4.0,61,12.0,,,,,,,1.0,0.08333333333333333,8.0,39.0,1.0,13.0
2010-03-27,31,True,Fulham,2,0,3,27,24,0.0,0.0,29,4.0,64,14.0,5.0,0.3333333333333333,19.0,22.0,7.0,9.0,,,,,,
2010-04-03,32,False,Stoke,0,2,0,27,27,3.0,0.2,31,6.0,64,13.0,,,,,,,0.0,0.0,10.0,42.0,3.0,16.0
2010-04-10,33,True,Burnley,1,4,0,27,27,3.0,0.2,31,6.0,66,12.0,8.0,0.5333333333333333,21.0,22.0,8.0,6.0,,,,,,
2010-04-17,34,False,Birmingham,0,0,1,28,27,3.0,0.2,32,6.0,70,11.0,,,,,,,0.0,0.0,10.0,44.0,3.0,14.0
2010-04-22,35,True,Aston Villa,0,2,0,28,28,4.0,0.26666666666666666,32,5.0,70,9.0,7.0,0.4666666666666667,22.0,26.0,7.0,8.0,,,,,,
2010-04-24,36,True,Sunderland,0,1,0,28,28,4.0,0.26666666666666666,32,3.0,72,8.0,6.0,0.4,22.0,28.0,6.0,9.0,,,,,,
2010-05-03,37,False,Wigan,2,2,1,29,28,1.0,0.06666666666666667,32,1.0,73,9.0,,,,,,,1.0,0.08333333333333333,10.0,44.0,3.0,13.0
2010-05-09,38,True,Liverpool,0,0,1,30,29,2.0,0.13333333333333333,34,3.0,75,9.0,3.0,0.2,22.0,29.0,4.0,9.0,,,,,,
