Date,Round,isHome,Rival,Goal,Conceded,Points,CumPoints,bCumPoints,b5MatchPoints,b5MatchPointRatio,bCumGoal,b5MatchGoal,bCumConceded,b5MatchConceded,b5HomeMatchPoints,b5HomeMatchPointRatio,bHomeCumGoal,bHomeCumConceded,b5HomeMatchGoal,b5HomeMatchConceded,b5AwayMatchPoints,b5AwayMatchPointRatio,bAwayCumGoal,bAwayCumConceded,b5AwayMatchGoal,b5AwayMatchConceded
2009-08-16,1,False,Spurs,1,2,0,0,0,0.0,,0,0.0,0,0.0,,,,,,,0.0,,0.0,0.0,0.0,0.0
2009-08-20,2,True,Stoke,4,0,3,3,0,0.0,0.0,1,1.0,2,2.0,0.0,,0.0,0.0,0.0,0.0,,,,,,
2009-08-25,3,True,Aston Villa,1,3,0,3,3,3.0,0.5,5,5.0,2,2.0,3.0,1.0,4.0,0.0,4.0,0.0,,,,,,
2009-08-29,4,False,Bolton,3,2,3,6,3,3.0,0.3333333333333333,6,6.0,5,5.0,,,,,,,0.0,0.0,1.0,2.0,1.0,2.0
2009-09-12,5,True,Burnley,4,0,3,9,6,6.0,0.5,9,9.0,7,7.0,3.0,0.5,5.0,3.0,5.0,3.0,,,,,,
2009-09-20,6,False,West Ham,3,2,3,12,9,9.0,0.6,13,13.0,7,7.0,,,,,,,3.0,0.5,4.0,4.0,4.0,4.0
2009-09-26,7,True,Hull,6,1,3,15,12,12.0,0.8,16,15.0,9,7.0,6.0,0.6666666666666666,9.0,3.0,9.0,3.0,,,,,,
2009-10-04,8,False,Chelsea,0,2,0,15,15,12.0,0.8,22,17.0,10,8.0,,,,,,,6.0,0.6666666666666666,7.0,6.0,7.0,6.0
2009-10-17,9,False,Sunderland,0,1,0,15,15,12.0,0.8,22,16.0,12,7.0,,,,,,,6.0,0.5,7.0,8.0,7.0,8.0
2009-10-25,10,True,Man Utd,2,0,3,18,15,9.0,0.6,22,13.0,13,6.0,9.0,0.75,15.0,4.0,15.0,4.0,,,,,,
2009-10-31,11,False,Fulham,1,3,0,18,18,9.0,0.6,24,11.0,13,6.0,,,,,,,6.0,0.5,7.0,9.0,7.0,9.0
2009-11-10,12,True,Birmingham,2,2,1,19,18,6.0,0.4,25,9.0,16,7.0,12.0,0.8,17.0,4.0,17.0,4.0,,,,,,
2009-11-21,13,True,Man City,2,2,1,20,19,4.0,0.26666666666666666,27,5.0,18,8.0,10.0,0.6666666666666666,19.0,6.0,15.0,6.0,,,,,,
2009-11-29,14,False,Everton,2,0,3,23,20,5.0,0.3333333333333333,29,7.0,20,8.0,,,,,,,6.0,0.5,8.0,12.0,7.0,10.0
2009-12-05,15,False,Blackburn,0,0,1,24,23,8.0,0.5333333333333333,31,9.0,20,7.0,,,,,,,6.0,0.5,10.0,12.0,6.0,8.0
2009-12-14,16,True,Arsenal,1,2,0,24,24,6.0,0.4,31,7.0,20,7.0,11.0,0.7333333333333333,21.0,8.0,16.0,5.0,,,,,,
2009-12-17,17,True,Wigan,2,1,3,27,24,6.0,0.4,32,7.0,22,6.0,8.0,0.5333333333333333,22.0,10.0,13.0,7.0,,,,,,
2009-12-19,18,False,Portsmouth,0,2,0,27,27,8.0,0.5333333333333333,34,7.0,23,5.0,,,,,,,4.0,0.3333333333333333,10.0,12.0,3.0,6.0
2009-12-27,19,True,Wolves,2,0,3,30,27,7.0,0.4666666666666667,34,5.0,25,5.0,8.0,0.5333333333333333,24.0,11.0,9.0,7.0,,,,,,
2009-12-30,20,False,Aston Villa,1,0,3,33,30,7.0,0.4666666666666667,36,5.0,25,5.0,,,,,,,4.0,0.3333333333333333,10.0,14.0,3.0,6.0
2010-01-16,21,False,Stoke,1,1,1,34,33,9.0,0.6,37,6.0,25,5.0,,,,,,,7.0,0.5833333333333334,11.0,14.0,4.0,5.0
2010-01-21,22,True,Spurs,2,0,3,37,34,10.0,0.6666666666666666,38,6.0,26,4.0,8.0,0.5333333333333333,26.0,11.0,9.0,7.0,,,,,,
2010-01-27,23,False,Wolves,0,0,1,38,37,10.0,0.6666666666666666,40,6.0,26,3.0,,,,,,,8.0,0.6666666666666666,12.0,15.0,4.0,3.0
2010-01-30,24,True,Bolton,2,0,3,41,38,11.0,0.7333333333333333,40,6.0,26,1.0,10.0,0.6666666666666666,28.0,11.0,9.0,5.0,,,,,,
2010-02-06,25,True,Everton,1,0,3,44,41,11.0,0.7333333333333333,42,6.0,26,1.0,12.0,0.8,30.0,11.0,9.0,3.0,,,,,,
2010-02-11,26,False,Arsenal,0,1,0,44,44,11.0,0.7333333333333333,43,6.0,26,1.0,,,,,,,6.0,0.5,12.0,15.0,2.0,3.0
2010-02-21,27,False,Man City,0,0,1,45,44,10.0,0.6666666666666666,43,5.0,27,1.0,,,,,,,5.0,0.4166666666666667,12.0,16.0,2.0,4.0
2010-02-28,28,True,Blackburn,2,1,3,48,45,8.0,0.5333333333333333,43,3.0,27,1.0,15.0,1.0,31.0,11.0,9.0,1.0,,,,,,
2010-03-09,29,False,Wigan,0,1,0,48,48,10.0,0.6666666666666666,45,5.0,28,2.0,,,,,,,6.0,0.5,12.0,16.0,2.0,2.0
2010-03-16,30,True,Portsmouth,4,1,3,51,48,7.0,0.4666666666666667,45,3.0,29,3.0,15.0,1.0,33.0,12.0,9.0,1.0,,,,,,
2010-03-21,31,False,Man Utd,1,2,0,51,51,7.0,0.4666666666666667,49,6.0,30,4.0,,,,,,,3.0,0.25,12.0,17.0,1.0,3.0
2010-03-28,32,True,Sunderland,3,0,3,54,51,7.0,0.4666666666666667,50,7.0,32,5.0,15.0,1.0,37.0,13.0,11.0,2.0,,,,,,
2010-04-04,33,False,Birmingham,1,1,1,55,54,9.0,0.6,53,10.0,32,5.0,,,,,,,2.0,0.16666666666666666,13.0,19.0,1.0,4.0
2010-04-11,34,True,Fulham,0,0,1,56,55,7.0,0.4666666666666667,54,9.0,33,5.0,15.0,1.0,40.0,13.0,12.0,2.0,,,,,,
2010-04-20,35,True,West Ham,3,0,3,59,56,8.0,0.5333333333333333,54,9.0,33,4.0,13.0,0.8666666666666667,40.0,13.0,10.0,2.0,,,,,,
2010-04-25,36,False,Burnley,4,0,3,62,59,8.0,0.5333333333333333,57,8.0,33,3.0,,,,,,,2.0,0.16666666666666666,14.0,20.0,2.0,5.0
2010-05-02,37,True,Chelsea,0,2,0,62,62,11.0,0.7333333333333333,61,11.0,33,1.0,13.0,0.8666666666666667,43.0,13.0,12.0,2.0,,,,,,
2010-05-09,38,False,Hull,0,0,1,63,62,8.0,0.5333333333333333,61,8.0,35,3.0,,,,,,,5.0,0.4166666666666667,18.0,20.0,6.0,4.0
