Date,Round,isHome,Rival,Goal,Conceded,Points,CumPoints,bCumPoints,b5MatchPoints,b5MatchPointRatio,bCumGoal,b5MatchGoal,bCumConceded,b5MatchConceded,b5HomeMatchPoints,b5HomeMatchPointRatio,bHomeCumGoal,bHomeCumConceded,b5HomeMatchGoal,b5HomeMatchConceded,b5AwayMatchPoints,b5AwayMatchPointRatio,bAwayCumGoal,bAwayCumConceded,b5AwayMatchGoal,b5AwayMatchConceded
2009-08-15,1,True,Burnley,2,0,3,3,0,0.0,,0,0.0,0,0.0,0.0,,0.0,0.0,0.0,0.0,,,,,,
2009-08-20,2,False,Liverpool,0,4,0,3,3,3.0,1.0,2,2.0,0,0.0,,,,,,,0.0,,0.0,0.0,0.0,0.0
2009-08-22,3,False,Birmingham,0,0,1,4,3,3.0,0.5,2,2.0,4,4.0,,,,,,,0.0,0.0,0.0,4.0,0.0,4.0
2009-08-29,4,True,Sunderland,1,0,3,7,4,4.0,0.4444444444444444,2,2.0,4,4.0,3.0,1.0,2.0,0.0,2.0,0.0,,,,,,
2009-09-12,5,True,Chelsea,1,2,0,7,7,7.0,0.5833333333333334,3,3.0,4,4.0,6.0,1.0,3.0,0.0,3.0,0.0,,,,,,
2009-09-19,6,False,Bolton,1,1,1,8,7,7.0,0.4666666666666667,4,4.0,6,6.0,,,,,,,1.0,0.16666666666666666,0.0,4.0,0.0,4.0
2009-09-26,7,True,Man Utd,0,2,0,8,8,5.0,0.3333333333333333,5,3.0,7,7.0,6.0,0.6666666666666666,4.0,2.0,4.0,2.0,,,,,,
2009-10-04,8,False,Everton,1,1,1,9,8,5.0,0.3333333333333333,5,3.0,9,5.0,,,,,,,2.0,0.2222222222222222,1.0,5.0,1.0,5.0
2009-10-17,9,True,West Ham,2,1,3,12,9,5.0,0.3333333333333333,6,4.0,10,6.0,6.0,0.5,4.0,4.0,4.0,4.0,,,,,,
2009-10-24,10,False,Spurs,1,0,3,15,12,5.0,0.3333333333333333,8,5.0,11,7.0,,,,,,,3.0,0.25,2.0,6.0,2.0,6.0
2009-10-31,11,True,Wolves,2,2,1,16,15,8.0,0.5333333333333333,9,5.0,11,5.0,9.0,0.6,6.0,5.0,6.0,5.0,,,,,,
2009-11-08,12,False,Hull,1,2,0,16,16,8.0,0.5333333333333333,11,6.0,13,6.0,,,,,,,6.0,0.5,3.0,6.0,3.0,6.0
2009-11-23,13,True,Portsmouth,1,0,3,19,16,8.0,0.5333333333333333,12,7.0,15,6.0,7.0,0.4666666666666667,8.0,7.0,6.0,7.0,,,,,,
2009-11-28,14,False,Blackburn,0,0,1,20,19,10.0,0.6666666666666666,13,7.0,15,5.0,,,,,,,6.0,0.5,4.0,8.0,4.0,4.0
2009-12-05,15,False,Arsenal,0,2,0,20,20,8.0,0.5333333333333333,13,5.0,15,4.0,,,,,,,6.0,0.5,4.0,8.0,4.0,4.0
2009-12-12,16,True,Wigan,2,2,1,21,20,5.0,0.3333333333333333,13,4.0,17,6.0,7.0,0.4666666666666667,9.0,7.0,6.0,7.0,,,,,,
2009-12-19,17,False,Aston Villa,0,1,0,21,21,5.0,0.3333333333333333,15,4.0,19,6.0,,,,,,,5.0,0.4166666666666667,4.0,10.0,3.0,5.0
2009-12-26,18,False,Man City,0,2,0,21,21,5.0,0.3333333333333333,15,3.0,20,5.0,,,,,,,4.0,0.3333333333333333,4.0,11.0,2.0,5.0
2009-12-28,19,True,Birmingham,0,1,0,21,21,2.0,0.13333333333333333,15,2.0,22,7.0,8.0,0.5333333333333333,11.0,9.0,7.0,7.0,,,,,,
2010-01-06,20,True,Fulham,3,2,3,24,21,1.0,0.06666666666666667,15,2.0,23,8.0,8.0,0.5333333333333333,11.0,10.0,7.0,6.0,,,,,,
2010-01-16,21,True,Liverpool,1,1,1,25,24,4.0,0.26666666666666666,18,5.0,25,8.0,8.0,0.5333333333333333,14.0,12.0,8.0,7.0,,,,,,
2010-02-02,22,False,Sunderland,0,0,1,26,25,4.0,0.26666666666666666,19,4.0,26,7.0,,,,,,,1.0,0.08333333333333333,4.0,13.0,1.0,7.0
2010-02-06,23,True,Blackburn,3,0,3,29,26,5.0,0.3333333333333333,19,4.0,26,6.0,8.0,0.5333333333333333,15.0,13.0,7.0,6.0,,,,,,
2010-02-10,24,False,Wigan,1,1,1,30,29,8.0,0.5333333333333333,22,7.0,26,4.0,,,,,,,2.0,0.16666666666666666,4.0,13.0,0.0,5.0
2010-02-17,25,True,Man City,1,1,1,31,30,9.0,0.6,23,8.0,27,4.0,8.0,0.5333333333333333,18.0,13.0,9.0,6.0,,,,,,
2010-02-21,26,False,Portsmouth,2,1,3,34,31,7.0,0.4666666666666667,24,6.0,28,3.0,,,,,,,2.0,0.16666666666666666,5.0,14.0,1.0,6.0
2010-02-28,27,True,Arsenal,1,3,0,34,34,9.0,0.6,26,7.0,29,3.0,8.0,0.5333333333333333,19.0,14.0,8.0,5.0,,,,,,
2010-03-11,28,False,Burnley,1,1,1,35,34,8.0,0.5333333333333333,27,8.0,32,6.0,,,,,,,5.0,0.4166666666666667,7.0,15.0,3.0,5.0
2010-03-13,29,True,Aston Villa,0,0,1,36,35,6.0,0.4,28,6.0,33,7.0,8.0,0.5333333333333333,20.0,17.0,9.0,7.0,,,,,,
2010-03-20,30,True,Spurs,1,2,0,36,36,6.0,0.4,28,5.0,33,6.0,6.0,0.4,20.0,17.0,6.0,5.0,,,,,,
2010-03-27,31,False,West Ham,1,0,3,39,36,5.0,0.3333333333333333,29,5.0,35,7.0,,,,,,,6.0,0.5,8.0,16.0,4.0,5.0
2010-04-03,32,True,Hull,2,0,3,42,39,5.0,0.3333333333333333,30,4.0,35,6.0,5.0,0.3333333333333333,21.0,19.0,6.0,6.0,,,,,,
2010-04-11,33,False,Wolves,0,0,1,43,42,8.0,0.5333333333333333,32,5.0,35,3.0,,,,,,,9.0,0.75,9.0,16.0,5.0,3.0
2010-04-17,34,True,Bolton,1,2,0,43,43,8.0,0.5333333333333333,32,4.0,35,2.0,5.0,0.3333333333333333,23.0,19.0,5.0,6.0,,,,,,
2010-04-25,35,False,Chelsea,0,7,0,43,43,7.0,0.4666666666666667,33,5.0,37,4.0,,,,,,,9.0,0.75,9.0,16.0,5.0,3.0
2010-05-01,36,True,Everton,0,0,1,44,43,7.0,0.4666666666666667,33,4.0,44,9.0,4.0,0.26666666666666666,24.0,21.0,5.0,7.0,,,,,,
2010-05-06,37,False,Fulham,1,0,3,47,44,5.0,0.3333333333333333,33,3.0,44,9.0,,,,,,,8.0,0.6666666666666666,9.0,23.0,4.0,9.0
2010-05-09,38,False,Man Utd,0,4,0,47,47,5.0,0.3333333333333333,34,2.0,44,9.0,,,,,,,8.0,0.6666666666666666,10.0,23.0,3.0,8.0
