Date,Round,isHome,Rival,Goal,Conceded,Points,CumPoints,bCumPoints,b5MatchPoints,b5MatchPointRatio,bCumGoal,b5MatchGoal,bCumConceded,b5MatchConceded,b5HomeMatchPoints,b5HomeMatchPointRatio,bHomeCumGoal,bHomeCumConceded,b5HomeMatchGoal,b5HomeMatchConceded,b5AwayMatchPoints,b5AwayMatchPointRatio,bAwayCumGoal,bAwayCumConceded,b5AwayMatchGoal,b5AwayMatchConceded
2009-08-15,1,False,Bolton,1,0,3,3,0,0.0,,0,0.0,0,0.0,,,,,,,0.0,,0.0,0.0,0.0,0.0
2009-08-19,2,True,Chelsea,1,3,0,3,3,3.0,1.0,1,1.0,0,0.0,0.0,,0.0,0.0,0.0,0.0,,,,,,
2009-08-22,3,True,Blackburn,2,1,3,6,3,3.0,0.5,2,2.0,3,3.0,0.0,0.0,1.0,3.0,1.0,3.0,,,,,,
2009-08-29,4,False,Stoke,0,1,0,6,6,6.0,0.6666666666666666,4,4.0,4,4.0,,,,,,,3.0,1.0,1.0,0.0,1.0,0.0
2009-09-12,5,True,Hull,4,1,3,9,6,6.0,0.5,4,4.0,5,5.0,3.0,0.5,3.0,4.0,3.0,4.0,,,,,,
2009-09-19,6,False,Burnley,1,3,0,9,9,9.0,0.6,8,8.0,6,6.0,,,,,,,3.0,0.5,1.0,1.0,1.0,1.0
2009-09-27,7,True,Wolves,5,2,3,12,9,6.0,0.4,9,8.0,9,9.0,6.0,0.6666666666666666,7.0,5.0,7.0,5.0,,,,,,
2009-10-04,8,False,Man Utd,2,2,1,13,12,9.0,0.6,14,12.0,11,8.0,,,,,,,3.0,0.3333333333333333,2.0,4.0,2.0,4.0
2009-10-17,9,True,Liverpool,1,0,3,16,13,7.0,0.4666666666666667,16,12.0,13,9.0,9.0,0.75,12.0,7.0,12.0,7.0,,,,,,
2009-10-24,10,False,Birmingham,1,2,0,16,16,10.0,0.6666666666666666,17,13.0,13,8.0,,,,,,,4.0,0.3333333333333333,4.0,6.0,4.0,6.0
2009-10-31,11,True,West Ham,2,2,1,17,16,7.0,0.4666666666666667,18,10.0,15,9.0,12.0,0.8,13.0,7.0,13.0,7.0,,,,,,
2009-11-07,12,False,Spurs,0,2,0,17,17,8.0,0.5333333333333333,20,11.0,17,8.0,,,,,,,4.0,0.3333333333333333,5.0,8.0,5.0,8.0
2009-11-21,13,True,Arsenal,1,0,3,20,17,5.0,0.3333333333333333,20,6.0,19,8.0,13.0,0.8666666666666667,15.0,9.0,14.0,6.0,,,,,,
2009-11-28,14,False,Wigan,0,1,0,20,20,7.0,0.4666666666666667,21,5.0,19,6.0,,,,,,,1.0,0.08333333333333333,5.0,10.0,4.0,10.0
2009-12-06,15,False,Fulham,0,1,0,20,20,4.0,0.26666666666666666,21,4.0,20,7.0,,,,,,,1.0,0.08333333333333333,5.0,11.0,4.0,10.0
2009-12-12,16,True,Portsmouth,1,1,1,21,20,4.0,0.26666666666666666,21,3.0,21,6.0,13.0,0.8666666666666667,16.0,9.0,13.0,5.0,,,,,,
2009-12-16,17,True,Aston Villa,0,2,0,21,21,4.0,0.26666666666666666,22,2.0,22,5.0,11.0,0.7333333333333333,17.0,10.0,10.0,5.0,,,,,,
2009-12-19,18,False,Man City,3,4,0,21,21,4.0,0.26666666666666666,22,2.0,24,5.0,,,,,,,1.0,0.08333333333333333,5.0,12.0,3.0,8.0
2009-12-26,19,True,Everton,1,1,1,22,21,1.0,0.06666666666666667,25,4.0,28,9.0,8.0,0.5333333333333333,17.0,12.0,5.0,5.0,,,,,,
2009-12-28,20,False,Blackburn,2,2,1,23,22,2.0,0.13333333333333333,26,5.0,29,9.0,,,,,,,0.0,0.0,8.0,16.0,4.0,10.0
2010-01-16,21,False,Chelsea,2,7,0,23,23,3.0,0.2,28,7.0,31,10.0,,,,,,,1.0,0.08333333333333333,10.0,18.0,5.0,10.0
2010-01-28,22,False,Everton,0,2,0,23,23,2.0,0.13333333333333333,30,8.0,38,16.0,,,,,,,1.0,0.08333333333333333,12.0,25.0,7.0,15.0
2010-02-02,23,True,Stoke,0,0,1,24,23,2.0,0.13333333333333333,30,8.0,40,16.0,6.0,0.4,18.0,13.0,5.0,6.0,,,,,,
2010-02-06,24,True,Wigan,1,1,1,25,24,3.0,0.2,30,5.0,40,12.0,6.0,0.4,18.0,13.0,3.0,4.0,,,,,,
2010-02-10,25,False,Portsmouth,1,1,1,26,25,3.0,0.2,31,5.0,41,12.0,,,,,,,1.0,0.08333333333333333,12.0,27.0,7.0,16.0
2010-02-20,26,False,Arsenal,0,2,0,26,26,3.0,0.2,32,4.0,42,11.0,,,,,,,2.0,0.16666666666666666,13.0,28.0,8.0,16.0
2010-02-28,27,True,Fulham,0,0,1,27,26,3.0,0.2,32,2.0,44,6.0,4.0,0.26666666666666666,19.0,14.0,3.0,5.0,,,,,,
2010-03-10,28,True,Bolton,4,0,3,30,27,4.0,0.26666666666666666,32,2.0,44,4.0,4.0,0.26666666666666666,19.0,14.0,2.0,4.0,,,,,,
2010-03-15,29,True,Man City,1,1,1,31,30,6.0,0.4,36,6.0,44,4.0,7.0,0.4666666666666667,23.0,14.0,6.0,2.0,,,,,,
2010-03-20,30,True,Birmingham,3,1,3,34,31,6.0,0.4,37,6.0,45,4.0,7.0,0.4666666666666667,24.0,15.0,6.0,2.0,,,,,,
2010-03-25,31,False,Aston Villa,1,1,1,35,34,8.0,0.5333333333333333,40,8.0,46,4.0,,,,,,,2.0,0.16666666666666666,13.0,30.0,5.0,14.0
2010-03-28,32,False,Liverpool,0,3,0,35,35,9.0,0.6,41,9.0,47,3.0,,,,,,,2.0,0.16666666666666666,14.0,31.0,4.0,13.0
2010-04-03,33,True,Spurs,3,1,3,38,35,8.0,0.5333333333333333,41,9.0,50,6.0,9.0,0.6,27.0,16.0,9.0,3.0,,,,,,
2010-04-10,34,False,West Ham,0,1,0,38,38,8.0,0.5333333333333333,44,8.0,51,7.0,,,,,,,2.0,0.16666666666666666,14.0,34.0,2.0,9.0
2010-04-17,35,True,Burnley,2,1,3,41,38,7.0,0.4666666666666667,44,7.0,52,7.0,11.0,0.7333333333333333,30.0,17.0,11.0,3.0,,,,,,
2010-04-24,36,False,Hull,1,0,3,44,41,7.0,0.4666666666666667,46,6.0,53,7.0,,,,,,,2.0,0.16666666666666666,14.0,35.0,2.0,8.0
2010-05-02,37,True,Man Utd,0,1,0,44,44,9.0,0.6,47,6.0,53,6.0,13.0,0.8666666666666667,32.0,18.0,13.0,4.0,,,,,,
2010-05-09,38,False,Wolves,1,2,0,44,44,9.0,0.6,47,6.0,54,4.0,,,,,,,4.0,0.3333333333333333,15.0,35.0,2.0,7.0
