Date,Round,isHome,Rival,Goal,Conceded,Points,CumPoints,bCumPoints,b5MatchPoints,b5MatchPointRatio,bCumGoal,b5MatchGoal,bCumConceded,b5MatchConceded,b5HomeMatchPoints,b5HomeMatchPointRatio,bHomeCumGoal,bHomeCumConceded,b5HomeMatchGoal,b5HomeMatchConceded,b5AwayMatchPoints,b5AwayMatchPointRatio,bAwayCumGoal,bAwayCumConceded,b5AwayMatchGoal,b5AwayMatchConceded
2009-08-15,1,False,Aston Villa,2,0,3,3,0,0.0,,0,0.0,0,0.0,,,,,,,0.0,,0.0,0.0,0.0,0.0
2009-08-19,2,True,Wolves,0,1,0,3,3,3.0,1.0,2,2.0,0,0.0,0.0,,0.0,0.0,0.0,0.0,,,,,,
2009-08-22,3,True,Man Utd,0,5,0,3,3,3.0,0.5,2,2.0,1,1.0,0.0,0.0,0.0,1.0,0.0,1.0,,,,,,
2009-08-30,4,False,Everton,1,2,0,3,3,3.0,0.3333333333333333,2,2.0,6,6.0,,,,,,,3.0,1.0,2.0,0.0,2.0,0.0
2009-09-12,5,True,West Ham,1,0,3,6,3,3.0,0.25,3,3.0,8,8.0,0.0,0.0,0.0,6.0,0.0,6.0,,,,,,
2009-09-19,6,False,Arsenal,0,4,0,6,6,6.0,0.4,4,4.0,8,8.0,,,,,,,3.0,0.5,3.0,2.0,3.0,2.0
2009-09-26,7,True,Chelsea,3,1,3,9,6,3.0,0.2,4,2.0,12,12.0,3.0,0.3333333333333333,1.0,6.0,1.0,6.0,,,,,,
2009-10-03,8,False,Hull,1,2,0,9,9,6.0,0.4,7,5.0,13,12.0,,,,,,,3.0,0.3333333333333333,3.0,6.0,3.0,6.0
2009-10-18,9,True,Man City,1,1,1,10,9,6.0,0.4,8,6.0,15,9.0,6.0,0.5,4.0,7.0,4.0,7.0,,,,,,
2009-10-24,10,False,Burnley,3,1,3,13,10,7.0,0.4666666666666667,9,6.0,16,8.0,,,,,,,3.0,0.25,4.0,8.0,4.0,8.0
2009-10-31,11,False,Portsmouth,0,4,0,13,13,7.0,0.4666666666666667,12,8.0,17,9.0,,,,,,,6.0,0.5,7.0,9.0,7.0,9.0
2009-11-08,12,True,Fulham,1,1,1,14,13,7.0,0.4666666666666667,12,8.0,21,9.0,7.0,0.4666666666666667,5.0,8.0,5.0,8.0,,,,,,
2009-11-22,13,False,Spurs,1,9,0,14,14,5.0,0.3333333333333333,13,6.0,22,9.0,,,,,,,3.0,0.25,7.0,13.0,5.0,13.0
2009-11-28,14,True,Sunderland,1,0,3,17,14,5.0,0.3333333333333333,14,6.0,31,16.0,8.0,0.5333333333333333,6.0,9.0,6.0,8.0,,,,,,
2009-12-05,15,True,Birmingham,2,3,0,17,17,7.0,0.4666666666666667,15,6.0,31,15.0,11.0,0.7333333333333333,7.0,9.0,7.0,3.0,,,,,,
2009-12-12,16,False,Stoke,2,2,1,18,17,4.0,0.26666666666666666,17,5.0,34,17.0,,,,,,,3.0,0.25,8.0,22.0,5.0,20.0
2009-12-17,17,False,Liverpool,1,2,0,18,18,5.0,0.3333333333333333,19,7.0,36,15.0,,,,,,,4.0,0.3333333333333333,10.0,24.0,7.0,18.0
2009-12-26,18,True,Blackburn,1,1,1,19,18,4.0,0.26666666666666666,20,7.0,38,16.0,8.0,0.5333333333333333,9.0,12.0,8.0,6.0,,,,,,
2009-12-31,19,False,Man Utd,0,5,0,19,19,5.0,0.3333333333333333,21,7.0,39,8.0,,,,,,,4.0,0.3333333333333333,11.0,26.0,7.0,18.0
2010-01-16,20,False,Wolves,2,0,3,22,19,2.0,0.13333333333333333,21,6.0,44,13.0,,,,,,,1.0,0.08333333333333333,11.0,31.0,4.0,22.0
2010-01-28,21,False,Blackburn,1,2,0,22,22,5.0,0.3333333333333333,23,6.0,44,10.0,,,,,,,4.0,0.3333333333333333,13.0,31.0,6.0,18.0
2010-01-30,22,True,Everton,0,1,0,22,22,4.0,0.26666666666666666,24,5.0,46,10.0,6.0,0.4,10.0,13.0,6.0,6.0,,,,,,
2010-02-06,23,False,Sunderland,1,1,1,23,22,4.0,0.26666666666666666,24,4.0,47,9.0,,,,,,,4.0,0.3333333333333333,14.0,33.0,6.0,11.0
2010-02-10,24,True,Stoke,1,1,1,24,23,4.0,0.26666666666666666,25,4.0,48,9.0,5.0,0.3333333333333333,10.0,14.0,5.0,6.0,,,,,,
2010-02-18,25,True,Bolton,0,0,1,25,24,5.0,0.3333333333333333,26,5.0,49,5.0,5.0,0.3333333333333333,11.0,15.0,5.0,6.0,,,,,,
2010-02-22,26,True,Spurs,0,3,0,25,25,3.0,0.2,26,3.0,49,5.0,3.0,0.2,11.0,15.0,4.0,6.0,,,,,,
2010-02-27,27,False,Birmingham,0,1,0,25,25,3.0,0.2,26,2.0,52,6.0,,,,,,,4.0,0.3333333333333333,15.0,34.0,5.0,10.0
2010-03-09,28,True,Liverpool,1,0,3,28,25,3.0,0.2,26,2.0,53,6.0,3.0,0.2,11.0,18.0,2.0,6.0,,,,,,
2010-03-13,29,False,Bolton,0,4,0,28,28,5.0,0.3333333333333333,27,2.0,53,5.0,,,,,,,4.0,0.3333333333333333,15.0,35.0,4.0,9.0
2010-03-17,30,True,Aston Villa,1,2,0,28,28,4.0,0.26666666666666666,27,1.0,57,8.0,5.0,0.3333333333333333,12.0,18.0,2.0,5.0,,,,,,
2010-03-20,31,True,Burnley,1,0,3,31,28,3.0,0.2,28,2.0,59,10.0,5.0,0.3333333333333333,13.0,20.0,3.0,6.0,,,,,,
2010-03-30,32,False,Man City,0,3,0,31,31,6.0,0.4,29,3.0,59,7.0,,,,,,,4.0,0.3333333333333333,15.0,39.0,4.0,8.0
2010-04-04,33,False,Fulham,1,2,0,31,31,6.0,0.4,29,3.0,62,9.0,,,,,,,1.0,0.08333333333333333,15.0,42.0,2.0,11.0
2010-04-15,34,True,Portsmouth,0,0,1,32,31,3.0,0.2,30,3.0,64,11.0,7.0,0.4666666666666667,14.0,20.0,3.0,5.0,,,,,,
2010-04-18,35,True,Arsenal,3,2,3,35,32,4.0,0.26666666666666666,30,3.0,64,7.0,7.0,0.4666666666666667,14.0,20.0,3.0,5.0,,,,,,
2010-04-24,36,False,West Ham,2,3,0,35,35,7.0,0.4666666666666667,33,5.0,66,7.0,,,,,,,1.0,0.08333333333333333,16.0,44.0,2.0,11.0
2010-05-03,37,True,Hull,2,2,1,36,35,4.0,0.26666666666666666,35,6.0,69,10.0,10.0,0.6666666666666666,17.0,22.0,6.0,4.0,,,,,,
2010-05-09,38,False,Chelsea,0,8,0,36,36,5.0,0.3333333333333333,37,8.0,71,9.0,,,,,,,0.0,0.0,18.0,47.0,3.0,13.0
